Datum ;Zeit ;AT [°C];ATakt [°C];PE1_BR1 ;HK1 VL Ist[°C];HK1 VL Soll[°C];HK1 RT Ist[°C];HK1 RT Soll[°C];HK1 Pumpe;HK1 Mischer;HK1 Fernb[°C];HK1 Status;WW1 EinT Ist[°C];WW1 AusT Ist[°C];WW1 Soll[°C];WW1 Pumpe;WW1 Status;Sensor ext [°C];PE1 KT[°C];PE1 KT_SOLL[°C];PE1 UW Freigabe[°C];PE1 Modulation[%];PE1 FRT Ist[°C];PE1 FRT Soll[°C];PE1 FRT End[°C];PE1 Einschublaufzeit[zs];PE1 Pausenzeit[zs];PE1 Luefterdrehzahl[%];PE1 Saugzugdrehzahl[%];PE1 Unterdruck Ist[EH];PE1 Unterdruck Soll[EH];PE1 Fuellstand[kg];PE1 Fuellstand ZWB[kg];PE1 Status;PE1 Statusbit;PE1 Motor ES;PE1 Motor RA;PE1 Motor RES1;PE1 Motor TURBINE;PE1 Motor ZUEND;PE1 Motor UW[%];PE1 Motor AV;PE1 Motor RES2;PE1 Motor MA;PE1 Motor RM;PE1 Motor SM;PE1 Res1 Temp.[°C];PE1 Res2 Temp.[°C];PE1 CAP RA;PE1 CAP ZB;PE1 AK;PE1 Saug-Int[min];PE1 DigIn1;PE1 DigIn2;PE1 CntDig1;PE1 Ashfill[kg];PE1 Runtime[h];Fehler1 ;Fehler2 ;Fehler3 ;
25.10.2025;00:03:56;11,0;11,3;0;31,1;8,0;16,5;8,0;0;0;0,0;8;52,3;52,3;26,0;0;8200;14,4;65,7;8,0;60,0;0;66,4;8,0;8,0;0,00;0,00;0;0;47,7;139,0;6000;0;99;-2147483648;0;0;0;0;0;0;0;0;0;0;0;31,1;52,3;1;0;0;110;0;0;0;0,0;5882;0;0;0;
25.10.2025;00:04:56;11,0;11,3;0;31,1;8,0;16,5;8,0;0;0;0,0;8;52,3;52,3;26,0;0;8200;14,4;65,6;8,0;60,0;0;66,3;8,0;8,0;0,00;0,00;0;0;47,7;139,0;6000;0;99;-2147483648;0;0;0;0;0;0;0;0;0;0;0;31,1;52,3;1;0;0;110;0;0;0;0,0;5882;0;0;0;
25.10.2025;00:05:56;11,0;11,3;0;31,1;8,0;16,4;8,0;0;0;0,0;8;52,3;52,3;26,0;0;8200;14,5;65,6;8,0;60,0;0;66,3;8,0;8,0;0,00;0,00;0;0;47,7;139,0;6000;0;99;-2147483648;0;0;0;0;0;0;0;0;0;0;0;31,1;52,3;1;0;0;110;0;0;0;0,0;5882;0;0;0;
25.10.2025;00:06:56;11,0;11,3;0;31,1;8,0;16,4;8,0;0;0;0,0;8;52,3;52,3;26,0;0;8200;14,3;65,6;8,0;60,0;0;66,3;8,0;8,0;0,00;0,00;0;0;47,7;139,0;6000;0;99;-2147483648;0;0;0;0;0;0;0;0;0;0;0;31,1;52,3;1;0;0;110;0;0;0;0,0;5882;0;0;0;
25.10.2025;00:07:56;11,0;11,3;0;31,1;8,0;16,4;8,0;0;0;0,0;8;52,3;52,3;26,0;0;8200;14,5;65,5;8,0;60,0;0;66,3;8,0;8,0;0,00;0,00;0;0;47,7;139,0;6000;0;99;-2147483648;0;0;0;0;0;0;0;0;0;0;0;31,1;52,3;1;0;0;110;0;0;0;0,0;5882;0;0;0;
25.10.2025;00:08:56;11,0;11,3;0;31,1;8,0;16,4;8,0;0;0;0,0;8;52,3;52,3;26,0;0;8200;14,6;65,5;8,0;60,0;0;66,2;8,0;8,0;0,00;0,00;0;0;47,7;139,0;6000;0;99;-2147483648;0;0;0;0;0;0;0;0;0;0;0;31,1;52,3;1;0;0;110;0;0;0;0,0;5882;0;0;0;
25.10.2025;00:09:56;11,0;11,3;0;31,1;8,0;16,4;8,0;0;0;0,0;8;52,3;52,3;26,0;0;8200;14,4;65,5;8,0;60,0;0;66,2;8,0;8,0;0,00;0,00;0;0;47,7;139,0;6000;0;99;-2147483648;0;0;0;0;0;0;0;0;0;0;0;31,1;52,3;1;0;0;110;0;0;0;0,0;5882;0;0;0;
25.10.2025;00:10:56;11,1;11,3;0;31,1;8,0;16,4;8,0;0;0;0,0;8;52,3;52,3;26,0;0;8200;14,5;65,5;8,0;60,0;0;66,2;8,0;8,0;0,00;0,00;0;0;47,7;139,0;6000;0;99;-2147483648;0;0;0;0;0;0;0;0;0;0;0;31,1;52,3;1;0;0;110;0;0;0;0,0;5882;0;0;0;
25.10.2025;00:11:56;11,1;11,3;0;31,1;8,0;16,4;8,0;0;0;0,0;8;52,2;52,2;26,0;0;8200;14,5;65,4;8,0;60,0;0;66,2;8,0;8,0;0,00;0,00;0;0;47,6;139,0;6000;0;99;-2147483648;0;0;0;0;0;0;0;0;0;0;0;31,1;52,2;1;0;0;110;0;0;0;0,0;5882;0;0;0;
25.10.2025;00:12:56;11,1;11,3;0;31,1;8,0;16,4;8,0;0;0;0,0;8;52,2;52,2;26,0;0;8200;14,5;65,4;8,0;60,0;0;66,1;8,0;8,0;0,00;0,00;0;0;47,7;139,0;6000;0;99;-2147483648;0;0;0;0;0;0;0;0;0;0;0;31,1;52,2;1;0;0;110;0;0;0;0,0;5882;0;0;0;
25.10.2025;00:13:56;11,1;11,3;0;31,1;8,0;16,5;8,0;0;0;0,0;8;52,2;52,2;26,0;0;8200;14,5;65,4;8,0;60,0;0;66,1;8,0;8,0;0,00;0,00;0;0;47,7;139,0;6000;0;99;-2147483648;0;0;0;0;0;0;0;0;0;0;0;31,1;52,2;1;0;0;110;0;0;0;0,0;5882;0;0;0;
25.10.2025;00:14:56;11,1;11,3;0;31,0;8,0;16,5;8,0;0;0;0,0;8;52,2;52,2;26,0;0;8200;14,3;65,3;8,0;60,0;0;66,1;8,0;8,0;0,00;0,00;0;0;47,7;139,0;6000;0;99;-2147483648;0;0;0;0;0;0;0;0;0;0;0;31,0;52,2;1;0;0;110;0;0;0;0,0;5882;0;0;0;
25.10.2025;00:15:56;11,1;11,3;0;31,0;8,0;16,5;8,0;0;0;0,0;8;52,2;52,2;26,0;0;8200;14,4;65,3;8,0;60,0;0;66,0;8,0;8,0;0,00;0,00;0;0;47,6;139,0;6000;0;99;-2147483648;0;0;0;0;0;0;0;0;0;0;0;31,0;52,2;1;0;0;110;0;0;0;0,0;5882;0;0;0;
25.10.2025;00:16:56;11,1;11,3;0;31,1;8,0;16,4;8,0;0;0;0,0;8;52,2;52,2;26,0;0;8200;14,4;65,3;8,0;60,0;0;66,0;8,0;8,0;0,00;0,00;0;0;47,6;139,0;6000;0;99;-2147483648;0;0;0;0;0;0;0;0;0;0;0;31,1;52,2;1;0;0;110;0;0;0;0,0;5882;0;0;0;
25.10.2025;00:17:56;11,1;11,3;0;31,0;8,0;16,4;8,0;0;0;0,0;8;52,2;52,2;26,0;0;8200;14,4;65,3;8,0;60,0;0;66,0;8,0;8,0;0,00;0,00;0;0;47,7;139,0;6000;0;99;-2147483648;0;0;0;0;0;0;0;0;0;0;0;31,0;52,2;1;0;0;110;0;0;0;0,0;5882;0;0;0;
25.10.2025;00:18:56;11,1;11,3;0;31,0;8,0;16,4;8,0;0;0;0,0;8;52,2;52,2;26,0;0;8200;14,5;65,2;8,0;60,0;0;65,9;8,0;8,0;0,00;0,00;0;0;47,7;139,0;6000;0;99;-2147483648;0;0;0;0;0;0;0;0;0;0;0;31,0;52,2;1;0;0;110;0;0;0;0,0;5882;0;0;0;
25.10.2025;00:19:56;11,1;11,4;0;31,0;8,0;16,4;8,0;0;0;0,0;8;52,2;52,2;26,0;0;8200;14,4;65,2;8,0;60,0;0;66,0;8,0;8,0;0,00;0,00;0;0;47,7;139,0;6000;0;99;-2147483648;0;0;0;0;0;0;0;0;0;0;0;31,0;52,2;1;0;0;110;0;0;0;0,0;5882;0;0;0;
25.10.2025;00:20:56;11,1;11,4;0;31,0;8,0;16,4;8,0;0;0;0,0;8;52,2;52,2;26,0;0;8200;14,4;65,1;8,0;60,0;0;65,9;8,0;8,0;0,00;0,00;0;0;47,7;139,0;6000;0;99;-2147483648;0;0;0;0;0;0;0;0;0;0;0;31,0;52,2;1;0;0;110;0;0;0;0,0;5882;0;0;0;
25.10.2025;00:21:56;11,1;11,3;0;31,0;8,0;16,4;8,0;0;0;0,0;8;52,1;52,1;26,0;0;8200;14,5;65,1;8,0;60,0;0;65,9;8,0;8,0;0,00;0,00;0;0;47,7;139,0;6000;0;99;-2147483648;0;0;0;0;0;0;0;0;0;0;0;31,0;52,2;1;0;0;110;0;0;0;0,0;5882;0;0;0;
25.10.2025;00:22:56;11,1;11,4;0;31,0;8,0;16,4;8,0;0;0;0,0;8;52,1;52,1;26,0;0;8200;14,7;65,1;8,0;60,0;0;65,8;8,0;8,0;0,00;0,00;0;0;47,7;139,0;6000;0;99;-2147483648;0;0;0;0;0;0;0;0;0;0;0;31,0;52,1;1;0;0;110;0;0;0;0,0;5882;0;0;0;
25.10.2025;00:23:56;11,1;11,4;0;31,0;8,0;16,5;8,0;0;0;0,0;8;52,1;52,1;26,0;0;8200;14,7;65,1;8,0;60,0;0;65,7;8,0;8,0;0,00;0,00;0;0;47,6;139,0;6000;0;99;-2147483648;0;0;0;0;0;0;0;0;0;0;0;31,0;52,1;1;0;0;110;0;0;0;0,0;5882;0;0;0;
25.10.2025;00:24:56;11,2;11,4;0;31,0;8,0;16,5;8,0;0;0;0,0;8;52,1;52,1;26,0;0;8200;14,5;65,0;8,0;60,0;0;65,6;8,0;8,0;0,00;0,00;0;0;47,6;139,0;6000;0;99;-2147483648;0;0;0;0;0;0;0;0;0;0;0;31,0;52,1;1;0;0;110;0;0;0;0,0;5882;0;0;0;
25.10.2025;00:25:56;11,2;11,4;0;31,0;8,0;16,5;8,0;0;0;0,0;8;52,1;52,1;26,0;0;8200;14,5;65,0;8,0;60,0;0;65,7;8,0;8,0;0,00;0,00;0;0;47,7;139,0;6000;0;99;-2147483648;0;0;0;0;0;0;0;0;0;0;0;31,0;52,1;1;0;0;110;0;0;0;0,0;5882;0;0;0;
25.10.2025;00:26:56;11,2;11,4;0;31,0;8,0;16,4;8,0;0;0;0,0;8;52,1;52,1;26,0;0;8200;14,7;65,0;8,0;60,0;0;65,6;8,0;8,0;0,00;0,00;0;0;47,7;139,0;6000;0;99;-2147483648;0;0;0;0;0;0;0;0;0;0;0;31,0;52,1;1;0;0;110;0;0;0;0,0;5882;0;0;0;
25.10.2025;00:27:56;11,2;11,4;0;31,0;8,0;16,4;8,0;0;0;0,0;8;52,1;52,1;26,0;0;8200;14,6;65,0;8,0;60,0;0;65,5;8,0;8,0;0,00;0,00;0;0;47,7;139,0;6000;0;99;-2147483648;0;0;0;0;0;0;0;0;0;0;0;31,0;52,1;1;0;0;110;0;0;0;0,0;5882;0;0;0;
25.10.2025;00:28:56;11,2;11,4;0;31,0;8,0;16,4;8,0;0;0;0,0;8;52,1;52,1;26,0;0;8200;14,4;64,9;8,0;60,0;0;65,5;8,0;8,0;0,00;0,00;0;0;47,7;139,0;6000;0;99;-2147483648;0;0;0;0;0;0;0;0;0;0;0;31,0;52,1;1;0;0;110;0;0;0;0,0;5882;0;0;0;
25.10.2025;00:29:56;11,2;11,4;0;31,0;8,0;16,4;8,0;0;0;0,0;8;52,0;52,0;26,0;0;8200;14,5;64,9;8,0;60,0;0;65,4;8,0;8,0;0,00;0,00;0;0;47,7;139,0;6000;0;99;-2147483648;0;0;0;0;0;0;0;0;0;0;0;31,0;52,0;1;0;0;110;0;0;0;0,0;5882;0;0;0;
25.10.2025;00:30:56;11,2;11,4;0;31,0;8,0;16,4;8,0;0;0;0,0;8;52,0;52,0;26,0;0;8200;14,5;64,9;8,0;60,0;0;65,4;8,0;8,0;0,00;0,00;0;0;47,6;139,0;6000;0;99;-2147483648;0;0;0;0;0;0;0;0;0;0;0;31,0;52,0;1;0;0;110;0;0;0;0,0;5882;0;0;0;
25.10.2025;00:31:56;11,2;11,4;0;31,0;8,0;16,4;8,0;0;0;0,0;8;52,1;52,1;26,0;0;8200;14,4;64,8;8,0;60,0;0;65,4;8,0;8,0;0,00;0,00;0;0;47,7;139,0;6000;0;99;-2147483648;0;0;0;0;0;0;0;0;0;0;0;31,0;52,1;1;0;0;110;0;0;0;0,0;5882;0;0;0;
25.10.2025;00:32:56;11,2;11,4;0;31,0;8,0;16,4;8,0;0;0;0,0;8;52,0;52,0;26,0;0;8200;14,5;64,8;8,0;60,0;0;65,2;8,0;8,0;0,00;0,00;0;0;47,7;139,0;6000;0;99;-2147483648;0;0;0;0;0;0;0;0;0;0;0;31,0;52,0;1;0;0;110;0;0;0;0,0;5882;0;0;0;
25.10.2025;00:33:56;11,2;11,4;0;30,9;8,0;16,4;8,0;0;0;0,0;8;52,1;52,1;26,0;0;8200;14,5;64,8;8,0;60,0;0;65,2;8,0;8,0;0,00;0,00;0;0;47,7;139,0;6000;0;99;-2147483648;0;0;0;0;0;0;0;0;0;0;0;30,9;52,1;1;0;0;110;0;0;0;0,0;5882;0;0;0;
25.10.2025;00:34:56;11,2;11,4;0;31,0;8,0;16,4;8,0;0;0;0,0;8;52,0;52,0;26,0;0;8200;14,4;64,7;8,0;60,0;0;65,2;8,0;8,0;0,00;0,00;0;0;47,7;139,0;6000;0;99;-2147483648;0;0;0;0;0;0;0;0;0;0;0;31,0;52,0;1;0;0;110;0;0;0;0,0;5882;0;0;0;
25.10.2025;00:35:56;11,2;11,4;0;31,0;8,0;16,4;8,0;0;0;0,0;8;52,0;52,0;26,0;0;8200;14,4;64,7;8,0;60,0;0;65,3;8,0;8,0;0,00;0,00;0;0;47,8;139,0;6000;0;99;-2147483648;0;0;0;0;0;0;0;0;0;0;0;31,0;52,0;1;0;0;110;0;0;0;0,0;5882;0;0;0;
25.10.2025;00:36:56;11,2;11,4;0;30,9;8,0;16,4;8,0;0;0;0,0;8;52,0;52,0;26,0;0;8200;14,4;64,7;8,0;60,0;0;65,2;8,0;8,0;0,00;0,00;0;0;47,7;139,0;6000;0;99;-2147483648;0;0;0;0;0;0;0;0;0;0;0;30,9;52,0;1;0;0;110;0;0;0;0,0;5882;0;0;0;
25.10.2025;00:37:56;11,2;11,4;0;30,9;8,0;16,4;8,0;0;0;0,0;8;52,0;52,0;26,0;0;8200;14,5;64,6;8,0;60,0;0;65,1;8,0;8,0;0,00;0,00;0;0;47,7;139,0;6000;0;99;-2147483648;0;0;0;0;0;0;0;0;0;0;0;30,9;52,0;1;0;0;110;0;0;0;0,0;5882;0;0;0;
25.10.2025;00:38:56;11,2;11,4;0;30,9;8,0;16,4;8,0;0;0;0,0;8;52,0;52,0;26,0;0;8200;14,3;64,6;8,0;60,0;0;65,0;8,0;8,0;0,00;0,00;0;0;47,7;139,0;6000;0;99;-2147483648;0;0;0;0;0;0;0;0;0;0;0;30,9;52,0;1;0;0;110;0;0;0;0,0;5882;0;0;0;
25.10.2025;00:39:56;11,2;11,4;0;30,9;8,0;16,4;8,0;0;0;0,0;8;51,9;51,9;26,0;0;8200;14,5;64,6;8,0;60,0;0;65,0;8,0;8,0;0,00;0,00;0;0;47,6;139,0;6000;0;99;-2147483648;0;0;0;0;0;0;0;0;0;0;0;30,9;51,9;1;0;0;110;0;0;0;0,0;5882;0;0;0;
25.10.2025;00:40:56;11,2;11,4;0;30,9;8,0;16,4;8,0;0;0;0,0;8;51,9;51,9;26,0;0;8200;14,5;64,5;8,0;60,0;0;65,0;8,0;8,0;0,00;0,00;0;0;47,7;139,0;6000;0;99;-2147483648;0;0;0;0;0;0;0;0;0;0;0;30,9;51,9;1;0;0;110;0;0;0;0,0;5882;0;0;0;
25.10.2025;00:41:56;11,2;11,4;0;30,9;8,0;16,4;8,0;0;0;0,0;8;51,9;51,9;26,0;0;8200;14,4;64,5;8,0;60,0;0;64,9;8,0;8,0;0,00;0,00;0;0;47,6;139,0;6000;0;99;-2147483648;0;0;0;0;0;0;0;0;0;0;0;30,9;51,9;1;0;0;110;0;0;0;0,0;5882;0;0;0;
25.10.2025;00:42:56;11,3;11,4;0;30,9;8,0;16,4;8,0;0;0;0,0;8;51,9;51,9;26,0;0;8200;14,5;64,5;8,0;60,0;0;64,9;8,0;8,0;0,00;0,00;0;0;47,7;139,0;6000;0;99;-2147483648;0;0;0;0;0;0;0;0;0;0;0;30,9;51,9;1;0;0;110;0;0;0;0,0;5882;0;0;0;
25.10.2025;00:43:56;11,3;11,4;0;30,8;8,0;16,4;8,0;0;0;0,0;8;51,9;51,9;26,0;0;8200;14,5;64,4;8,0;60,0;0;64,8;8,0;8,0;0,00;0,00;0;0;47,6;139,0;6000;0;99;-2147483648;0;0;0;0;0;0;0;0;0;0;0;30,8;51,9;1;0;0;110;0;0;0;0,0;5882;0;0;0;
25.10.2025;00:44:56;11,3;11,4;0;30,9;8,0;16,4;8,0;0;0;0,0;8;51,9;51,9;26,0;0;8200;14,3;64,4;8,0;60,0;0;64,9;8,0;8,0;0,00;0,00;0;0;47,6;139,0;6000;0;99;-2147483648;0;0;0;0;0;0;0;0;0;0;0;30,9;51,9;1;0;0;110;0;0;0;0,0;5882;0;0;0;
25.10.2025;00:45:56;11,3;11,4;0;30,8;8,0;16,4;8,0;0;0;0,0;8;51,9;51,9;26,0;0;8200;14,3;64,4;8,0;60,0;0;64,8;8,0;8,0;0,00;0,00;0;0;47,6;139,0;6000;0;99;-2147483648;0;0;0;0;0;0;0;0;0;0;0;30,8;51,9;1;0;0;110;0;0;0;0,0;5882;0;0;0;
25.10.2025;00:46:56;11,3;11,4;0;30,9;8,0;16,4;8,0;0;0;0,0;8;51,9;51,9;26,0;0;8200;14,4;64,4;8,0;60,0;0;64,8;8,0;8,0;0,00;0,00;0;0;47,6;139,0;6000;0;99;-2147483648;0;0;0;0;0;0;0;0;0;0;0;30,9;51,9;1;0;0;110;0;0;0;0,0;5882;0;0;0;
25.10.2025;00:47:56;11,3;11,4;0;30,8;8,0;16,4;8,0;0;0;0,0;8;51,8;51,8;26,0;0;8200;14,3;64,3;8,0;60,0;0;64,8;8,0;8,0;0,00;0,00;0;0;47,6;139,0;6000;0;99;-2147483648;0;0;0;0;0;0;0;0;0;0;0;30,8;51,8;1;0;0;110;0;0;0;0,0;5882;0;0;0;
25.10.2025;00:48:56;11,3;11,4;0;30,9;8,0;16,5;8,0;0;0;0,0;8;51,8;51,8;26,0;0;8200;14,4;64,2;8,0;60,0;0;64,7;8,0;8,0;0,00;0,00;0;0;47,7;139,0;6000;0;99;-2147483648;0;0;0;0;0;0;0;0;0;0;0;30,9;51,8;1;0;0;110;0;0;0;0,0;5882;0;0;0;
25.10.2025;00:49:56;11,3;11,4;0;30,9;8,0;16,4;8,0;0;0;0,0;8;51,8;51,8;26,0;0;8200;14,5;64,3;8,0;60,0;0;64,7;8,0;8,0;0,00;0,00;0;0;47,6;139,0;6000;0;99;-2147483648;0;0;0;0;0;0;0;0;0;0;0;30,9;51,8;1;0;0;110;0;0;0;0,0;5882;0;0;0;
25.10.2025;00:50:56;11,3;11,5;0;30,9;8,0;16,4;8,0;0;0;0,0;8;51,9;51,9;26,0;0;8200;14,4;64,1;8,0;60,0;0;64,7;8,0;8,0;0,00;0,00;0;0;47,9;139,0;6000;0;99;-2147483648;0;0;0;0;0;0;0;0;0;0;0;30,9;51,9;1;0;0;110;0;0;0;0,0;5882;0;0;0;
25.10.2025;00:51:56;11,3;11,5;0;30,8;8,0;16,4;8,0;0;0;0,0;8;51,8;51,8;26,0;0;8200;14,5;64,2;8,0;60,0;0;64,5;8,0;8,0;0,00;0,00;0;0;47,7;139,0;6000;0;99;-2147483648;0;0;0;0;0;0;0;0;0;0;0;30,8;51,8;1;0;0;110;0;0;0;0,0;5882;0;0;0;
25.10.2025;00:52:56;11,3;11,5;0;30,8;8,0;16,4;8,0;0;0;0,0;8;51,8;51,8;26,0;0;8200;14,5;64,2;8,0;60,0;0;64,5;8,0;8,0;0,00;0,00;0;0;47,7;139,0;6000;0;99;-2147483648;0;0;0;0;0;0;0;0;0;0;0;30,8;51,8;1;0;0;110;0;0;0;0,0;5882;0;0;0;
25.10.2025;00:53:56;11,3;11,4;0;30,8;8,0;16,4;8,0;0;0;0,0;8;51,7;51,7;26,0;0;8200;14,4;64,1;8,0;60,0;0;64,3;8,0;8,0;0,00;0,00;0;0;47,6;139,0;6000;0;99;-2147483648;0;0;0;0;0;0;0;0;0;0;0;30,8;51,7;1;0;0;110;0;0;0;0,0;5882;0;0;0;
25.10.2025;00:54:56;11,3;11,5;0;30,8;8,0;16,4;8,0;0;0;0,0;8;51,8;51,8;26,0;0;8200;14,5;64,2;8,0;60,0;0;64,4;8,0;8,0;0,00;0,00;0;0;47,6;139,0;6000;0;99;-2147483648;0;0;0;0;0;0;0;0;0;0;0;30,8;51,8;1;0;0;110;0;0;0;0,0;5882;0;0;0;
25.10.2025;00:55:56;11,3;11,5;0;30,7;8,0;16,4;8,0;0;0;0,0;8;51,8;51,8;26,0;0;8200;14,5;64,2;8,0;60,0;0;64,4;8,0;8,0;0,00;0,00;0;0;47,6;139,0;6000;0;99;-2147483648;0;0;0;0;0;0;0;0;0;0;0;30,7;51,8;1;0;0;110;0;0;0;0,0;5882;0;0;0;
25.10.2025;00:56:56;11,3;11,5;0;30,8;8,0;16,4;8,0;0;0;0,0;8;51,8;51,8;26,0;0;8200;14,3;64,1;8,0;60,0;0;64,5;8,0;8,0;0,00;0,00;0;0;47,7;139,0;6000;0;99;-2147483648;0;0;0;0;0;0;0;0;0;0;0;30,8;51,8;1;0;0;110;0;0;0;0,0;5882;0;0;0;
25.10.2025;00:57:56;11,3;11,5;0;30,8;8,0;16,4;8,0;0;0;0,0;8;51,7;51,7;26,0;0;8200;14,7;64,0;8,0;60,0;0;64,4;8,0;8,0;0,00;0,00;0;0;47,7;139,0;6000;0;99;-2147483648;0;0;0;0;0;0;0;0;0;0;0;30,8;51,7;1;0;0;110;0;0;0;0,0;5882;0;0;0;
25.10.2025;00:58:56;11,3;11,5;0;30,8;8,0;16,4;8,0;0;0;0,0;8;51,8;51,8;26,0;0;8200;14,4;63,9;8,0;60,0;0;64,4;8,0;8,0;0,00;0,00;0;0;47,7;139,0;6000;0;99;-2147483648;0;0;0;0;0;0;0;0;0;0;0;30,8;51,8;1;0;0;110;0;0;0;0,0;5882;0;0;0;
25.10.2025;00:59:56;11,3;11,5;0;30,8;8,0;16,5;8,0;0;0;0,0;8;51,7;51,7;26,0;0;8200;14,4;63,9;8,0;60,0;0;64,3;8,0;8,0;0,00;0,00;0;0;47,7;139,0;6000;0;99;-2147483648;0;0;0;0;0;0;0;0;0;0;0;30,8;51,7;1;0;0;110;0;0;0;0,0;5882;0;0;0;
25.10.2025;01:00:56;11,3;11,5;0;30,8;8,0;16,5;8,0;0;0;0,0;8;51,7;51,7;26,0;0;8200;14,5;63,9;8,0;60,0;0;64,2;8,0;8,0;0,00;0,00;0;0;47,7;139,0;6000;0;99;-2147483648;0;0;0;0;0;0;0;0;0;0;0;30,8;51,7;1;0;0;110;0;0;0;0,0;5882;0;0;0;
25.10.2025;01:01:56;11,3;11,5;0;30,8;8,0;16,5;8,0;0;0;0,0;8;51,8;51,8;26,0;0;8200;14,4;63,8;8,0;60,0;0;64,3;8,0;8,0;0,00;0,00;0;0;47,7;139,0;6000;0;99;-2147483648;0;0;0;0;0;0;0;0;0;0;0;30,8;51,8;1;0;0;110;0;0;0;0,0;5882;0;0;0;
25.10.2025;01:02:56;11,3;11,5;0;30,7;8,0;16,5;8,0;0;0;0,0;8;51,7;51,7;26,0;0;8200;14,3;63,9;8,0;60,0;0;64,2;8,0;8,0;0,00;0,00;0;0;47,6;139,0;6000;0;99;-2147483648;0;0;0;0;0;0;0;0;0;0;0;30,7;51,7;1;0;0;110;0;0;0;0,0;5882;0;0;0;
25.10.2025;01:03:56;11,3;11,5;0;30,8;8,0;16,4;8,0;0;0;0,0;8;51,7;51,7;26,0;0;8200;14,4;63,8;8,0;60,0;0;64,1;8,0;8,0;0,00;0,00;0;0;47,7;139,0;6000;0;99;-2147483648;0;0;0;0;0;0;0;0;0;0;0;30,8;51,7;1;0;0;110;0;0;0;0,0;5882;0;0;0;
25.10.2025;01:04:56;11,3;11,5;0;30,7;8,0;16,4;8,0;0;0;0,0;8;51,7;51,7;26,0;0;8200;14,4;63,8;8,0;60,0;0;64,0;8,0;8,0;0,00;0,00;0;0;47,7;139,0;6000;0;99;-2147483648;0;0;0;0;0;0;0;0;0;0;0;30,7;51,7;1;0;0;110;0;0;0;0,0;5882;0;0;0;
25.10.2025;01:05:56;11,3;11,5;0;30,7;8,0;16,3;8,0;0;0;0,0;8;51,6;51,6;26,0;0;8200;14,4;63,7;8,0;60,0;0;63,9;8,0;8,0;0,00;0,00;0;0;47,6;139,0;6000;0;99;-2147483648;0;0;0;0;0;0;0;0;0;0;0;30,7;51,7;1;0;0;110;0;0;0;0,0;5882;0;0;0;
25.10.2025;01:06:56;11,3;11,5;0;30,7;8,0;16,3;8,0;0;0;0,0;8;51,7;51,7;26,0;0;8200;14,5;63,7;8,0;60,0;0;63,9;8,0;8,0;0,00;0,00;0;0;47,7;139,0;6000;0;99;-2147483648;0;0;0;0;0;0;0;0;0;0;0;30,7;51,7;1;0;0;110;0;0;0;0,0;5882;0;0;0;
25.10.2025;01:07:56;11,4;11,5;0;30,7;8,0;16,3;8,0;0;0;0,0;8;51,7;51,7;26,0;0;8200;14,3;63,7;8,0;60,0;0;63,9;8,0;8,0;0,00;0,00;0;0;47,6;139,0;6000;0;99;-2147483648;0;0;0;0;0;0;0;0;0;0;0;30,7;51,7;1;0;0;110;0;0;0;0,0;5882;0;0;0;
25.10.2025;01:08:56;11,4;11,5;0;30,7;8,0;16,3;8,0;0;0;0,0;8;51,7;51,7;26,0;0;8200;14,4;63,7;8,0;60,0;0;63,9;8,0;8,0;0,00;0,00;0;0;47,7;139,0;6000;0;99;-2147483648;0;0;0;0;0;0;0;0;0;0;0;30,7;51,7;1;0;0;110;0;0;0;0,0;5882;0;0;0;
25.10.2025;01:09:56;11,4;11,5;0;30,7;8,0;16,3;8,0;0;0;0,0;8;51,6;51,6;26,0;0;8200;14,3;63,6;8,0;60,0;0;63,9;8,0;8,0;0,00;0,00;0;0;47,6;139,0;6000;0;99;-2147483648;0;0;0;0;0;0;0;0;0;0;0;30,7;51,6;1;0;0;110;0;0;0;0,0;5882;0;0;0;
25.10.2025;01:10:56;11,4;11,4;0;30,7;8,0;16,3;8,0;0;0;0,0;8;51,6;51,6;26,0;0;8200;14,4;63,6;8,0;60,0;0;63,7;8,0;8,0;0,00;0,00;0;0;47,7;139,0;6000;0;99;-2147483648;0;0;0;0;0;0;0;0;0;0;0;30,7;51,6;1;0;0;110;0;0;0;0,0;5882;0;0;0;
25.10.2025;01:11:56;11,4;11,5;0;30,7;8,0;16,3;8,0;0;0;0,0;8;51,6;51,6;26,0;0;8200;14,4;63,6;8,0;60,0;0;63,6;8,0;8,0;0,00;0,00;0;0;47,6;139,0;6000;0;99;-2147483648;0;0;0;0;0;0;0;0;0;0;0;30,7;51,6;1;0;0;110;0;0;0;0,0;5882;0;0;0;
25.10.2025;01:12:56;11,4;11,4;0;30,7;8,0;16,3;8,0;0;0;0,0;8;51,6;51,6;26,0;0;8200;14,3;63,5;8,0;60,0;0;63,6;8,0;8,0;0,00;0,00;0;0;47,7;139,0;6000;0;99;-2147483648;0;0;0;0;0;0;0;0;0;0;0;30,7;51,6;1;0;0;110;0;0;0;0,0;5882;0;0;0;
25.10.2025;01:13:56;11,4;11,4;0;30,7;8,0;16,3;8,0;0;0;0,0;8;51,6;51,6;26,0;0;8200;14,3;63,5;8,0;60,0;0;63,6;8,0;8,0;0,00;0,00;0;0;47,6;139,0;6000;0;99;-2147483648;0;0;0;0;0;0;0;0;0;0;0;30,7;51,6;1;0;0;110;0;0;0;0,0;5882;0;0;0;
25.10.2025;01:14:56;11,4;11,5;0;30,7;8,0;16,3;8,0;0;0;0,0;8;51,6;51,6;26,0;0;8200;14,5;63,5;8,0;60,0;0;63,6;8,0;8,0;0,00;0,00;0;0;47,6;139,0;6000;0;99;-2147483648;0;0;0;0;0;0;0;0;0;0;0;30,7;51,6;1;0;0;110;0;0;0;0,0;5882;0;0;0;
25.10.2025;01:15:56;11,4;11,4;0;30,7;8,0;16,3;8,0;0;0;0,0;8;51,6;51,6;26,0;0;8200;14,3;63,5;8,0;60,0;0;63,6;8,0;8,0;0,00;0,00;0;0;47,6;139,0;6000;0;99;-2147483648;0;0;0;0;0;0;0;0;0;0;0;30,7;51,6;1;0;0;110;0;0;0;0,0;5882;0;0;0;
25.10.2025;01:16:56;11,4;11,4;0;30,7;8,0;16,3;8,0;0;0;0,0;8;51,6;51,6;26,0;0;8200;14,4;63,5;8,0;60,0;0;63,5;8,0;8,0;0,00;0,00;0;0;47,6;139,0;6000;0;99;-2147483648;0;0;0;0;0;0;0;0;0;0;0;30,7;51,6;1;0;0;110;0;0;0;0,0;5882;0;0;0;
25.10.2025;01:17:56;11,4;11,5;0;30,7;8,0;16,4;8,0;0;0;0,0;8;51,6;51,6;26,0;0;8200;14,4;63,4;8,0;60,0;0;63,5;8,0;8,0;0,00;0,00;0;0;47,6;139,0;6000;0;99;-2147483648;0;0;0;0;0;0;0;0;0;0;0;30,7;51,6;1;0;0;110;0;0;0;0,0;5882;0;0;0;
25.10.2025;01:18:56;11,4;11,5;0;30,6;8,0;16,4;8,0;0;0;0,0;8;51,6;51,6;26,0;0;8200;14,3;63,4;8,0;60,0;0;63,4;8,0;8,0;0,00;0,00;0;0;47,7;139,0;6000;0;99;-2147483648;0;0;0;0;0;0;0;0;0;0;0;30,6;51,6;1;0;0;110;0;0;0;0,0;5882;0;0;0;
25.10.2025;01:19:56;11,4;11,5;0;30,6;8,0;16,4;8,0;0;0;0,0;8;51,6;51,6;26,0;0;8200;14,5;63,4;8,0;60,0;0;63,5;8,0;8,0;0,00;0,00;0;0;47,6;139,0;6000;0;99;-2147483648;0;0;0;0;0;0;0;0;0;0;0;30,6;51,6;1;0;0;110;0;0;0;0,0;5882;0;0;0;
25.10.2025;01:20:56;11,4;11,4;0;30,6;8,0;16,4;8,0;0;0;0,0;8;51,5;51,5;26,0;0;8200;14,4;63,4;8,0;60,0;0;63,4;8,0;8,0;0,00;0,00;0;0;47,7;139,0;6000;0;99;-2147483648;0;0;0;0;0;0;0;0;0;0;0;30,6;51,5;1;0;0;110;0;0;0;0,0;5882;0;0;0;
25.10.2025;01:21:56;11,4;11,4;0;30,6;8,0;16,4;8,0;0;0;0,0;8;51,5;51,5;26,0;0;8200;14,5;63,3;8,0;60,0;0;63,4;8,0;8,0;0,00;0,00;0;0;47,7;139,0;6000;0;99;-2147483648;0;0;0;0;0;0;0;0;0;0;0;30,6;51,5;1;0;0;110;0;0;0;0,0;5882;0;0;0;
25.10.2025;01:22:56;11,4;11,4;0;30,6;8,0;16,4;8,0;0;0;0,0;8;51,5;51,5;26,0;0;8200;14,4;63,3;8,0;60,0;0;63,4;8,0;8,0;0,00;0,00;0;0;47,6;139,0;6000;0;99;-2147483648;0;0;0;0;0;0;0;0;0;0;0;30,6;51,5;1;0;0;110;0;0;0;0,0;5882;0;0;0;
25.10.2025;01:23:56;11,4;11,4;0;30,6;8,0;16,4;8,0;0;0;0,0;8;51,5;51,5;26,0;0;8200;14,5;63,2;8,0;60,0;0;63,4;8,0;8,0;0,00;0,00;0;0;47,6;139,0;6000;0;99;-2147483648;0;0;0;0;0;0;0;0;0;0;0;30,6;51,5;1;0;0;110;0;0;0;0,0;5882;0;0;0;
25.10.2025;01:24:56;11,4;11,4;0;30,6;8,0;16,4;8,0;0;0;0,0;8;51,5;51,5;26,0;0;8200;14,3;63,2;8,0;60,0;0;63,3;8,0;8,0;0,00;0,00;0;0;47,6;139,0;6000;0;99;-2147483648;0;0;0;0;0;0;0;0;0;0;0;30,6;51,5;1;0;0;110;0;0;0;0,0;5882;0;0;0;
25.10.2025;01:25:56;11,4;11,5;0;30,6;8,0;16,3;8,0;0;0;0,0;8;51,5;51,5;26,0;0;8200;14,4;63,2;8,0;60,0;0;63,3;8,0;8,0;0,00;0,00;0;0;47,6;139,0;6000;0;99;-2147483648;0;0;0;0;0;0;0;0;0;0;0;30,6;51,5;1;0;0;110;0;0;0;0,0;5882;0;0;0;
25.10.2025;01:26:56;11,4;11,4;0;30,6;8,0;16,4;8,0;0;0;0,0;8;51,5;51,5;26,0;0;8200;14,4;63,1;8,0;60,0;0;63,3;8,0;8,0;0,00;0,00;0;0;47,7;139,0;6000;0;99;-2147483648;0;0;0;0;0;0;0;0;0;0;0;30,6;51,5;1;0;0;110;0;0;0;0,0;5882;0;0;0;
25.10.2025;01:27:56;11,4;11,4;0;30,6;8,0;16,3;8,0;0;0;0,0;8;51,5;51,5;26,0;0;8200;14,5;63,2;8,0;60,0;0;63,2;8,0;8,0;0,00;0,00;0;0;47,6;139,0;6000;0;99;-2147483648;0;0;0;0;0;0;0;0;0;0;0;30,6;51,5;1;0;0;110;0;0;0;0,0;5882;0;0;0;
25.10.2025;01:28:56;11,4;11,4;0;30,6;8,0;16,3;8,0;0;0;0,0;8;51,4;51,4;26,0;0;8200;14,3;63,1;8,0;60,0;0;63,2;8,0;8,0;0,00;0,00;0;0;47,6;139,0;6000;0;99;-2147483648;0;0;0;0;0;0;0;0;0;0;0;30,6;51,4;1;0;0;110;0;0;0;0,0;5882;0;0;0;
25.10.2025;01:29:56;11,4;11,5;0;30,6;8,0;16,3;8,0;0;0;0,0;8;51,5;51,5;26,0;0;8200;14,4;63,1;8,0;60,0;0;63,2;8,0;8,0;0,00;0,00;0;0;47,6;139,0;6000;0;99;-2147483648;0;0;0;0;0;0;0;0;0;0;0;30,6;51,5;1;0;0;110;0;0;0;0,0;5882;0;0;0;
25.10.2025;01:30:56;11,4;11,5;0;30,6;8,0;16,4;8,0;0;0;0,0;8;51,5;51,5;26,0;0;8200;14,5;63,0;8,0;60,0;0;63,2;8,0;8,0;0,00;0,00;0;0;47,6;139,0;6000;0;99;-2147483648;0;0;0;0;0;0;0;0;0;0;0;30,6;51,5;1;0;0;110;0;0;0;0,0;5882;0;0;0;
25.10.2025;01:31:56;11,4;11,4;0;30,5;8,0;16,3;8,0;0;0;0,0;8;51,4;51,4;26,0;0;8200;14,4;63,0;8,0;60,0;0;63,1;8,0;8,0;0,00;0,00;0;0;47,7;139,0;6000;0;99;-2147483648;0;0;0;0;0;0;0;0;0;0;0;30,5;51,4;1;0;0;110;0;0;0;0,0;5882;0;0;0;
25.10.2025;01:32:56;11,4;11,4;0;30,5;8,0;16,4;8,0;0;0;0,0;8;51,4;51,4;26,0;0;8200;14,3;63,0;8,0;60,0;0;63,1;8,0;8,0;0,00;0,00;0;0;47,6;139,0;6000;0;99;-2147483648;0;0;0;0;0;0;0;0;0;0;0;30,5;51,4;1;0;0;110;0;0;0;0,0;5882;0;0;0;
25.10.2025;01:33:56;11,4;11,4;0;30,5;8,0;16,4;8,0;0;0;0,0;8;51,4;51,4;26,0;0;8200;14,4;63,0;8,0;60,0;0;63,0;8,0;8,0;0,00;0,00;0;0;47,6;139,0;6000;0;99;-2147483648;0;0;0;0;0;0;0;0;0;0;0;30,5;51,4;1;0;0;110;0;0;0;0,0;5882;0;0;0;
25.10.2025;01:34:56;11,4;11,4;0;30,5;8,0;16,3;8,0;0;0;0,0;8;51,4;51,4;26,0;0;8200;14,5;62,9;8,0;60,0;0;63,0;8,0;8,0;0,00;0,00;0;0;47,6;139,0;6000;0;99;-2147483648;0;0;0;0;0;0;0;0;0;0;0;30,5;51,4;1;0;0;110;0;0;0;0,0;5882;0;0;0;
25.10.2025;01:35:56;11,4;11,4;0;30,5;8,0;16,3;8,0;0;0;0,0;8;51,4;51,4;26,0;0;8200;14,3;62,9;8,0;60,0;0;63,0;8,0;8,0;0,00;0,00;0;0;47,7;139,0;6000;0;99;-2147483648;0;0;0;0;0;0;0;0;0;0;0;30,5;51,4;1;0;0;110;0;0;0;0,0;5882;0;0;0;
25.10.2025;01:36:56;11,4;11,4;0;30,5;8,0;16,3;8,0;0;0;0,0;8;51,4;51,4;26,0;0;8200;14,5;62,9;8,0;60,0;0;62,9;8,0;8,0;0,00;0,00;0;0;47,7;139,0;6000;0;99;-2147483648;0;0;0;0;0;0;0;0;0;0;0;30,5;51,4;1;0;0;110;0;0;0;0,0;5882;0;0;0;
25.10.2025;01:37:56;11,4;11,4;0;30,5;8,0;16,3;8,0;0;0;0,0;8;51,4;51,4;26,0;0;8200;14,3;62,8;8,0;60,0;0;62,8;8,0;8,0;0,00;0,00;0;0;47,6;139,0;6000;0;99;-2147483648;0;0;0;0;0;0;0;0;0;0;0;30,5;51,4;1;0;0;110;0;0;0;0,0;5882;0;0;0;
25.10.2025;01:38:56;11,4;11,4;0;30,5;8,0;16,3;8,0;0;0;0,0;8;51,3;51,3;26,0;0;8200;14,4;62,8;8,0;60,0;0;62,9;8,0;8,0;0,00;0,00;0;0;47,7;139,0;6000;0;99;-2147483648;0;0;0;0;0;0;0;0;0;0;0;30,5;51,3;1;0;0;110;0;0;0;0,0;5882;0;0;0;
25.10.2025;01:39:56;11,4;11,4;0;30,5;8,0;16,4;8,0;0;0;0,0;8;51,3;51,3;26,0;0;8200;14,4;62,8;8,0;60,0;0;62,8;8,0;8,0;0,00;0,00;0;0;47,7;139,0;6000;0;99;-2147483648;0;0;0;0;0;0;0;0;0;0;0;30,5;51,3;1;0;0;110;0;0;0;0,0;5882;0;0;0;
25.10.2025;01:40:56;11,4;11,5;0;30,5;8,0;16,4;8,0;0;0;0,0;8;51,3;51,3;26,0;0;8200;14,3;62,7;8,0;60,0;0;62,7;8,0;8,0;0,00;0,00;0;0;47,7;139,0;6000;0;99;-2147483648;0;0;0;0;0;0;0;0;0;0;0;30,5;51,3;1;0;0;110;0;0;0;0,0;5882;0;0;0;
25.10.2025;01:41:56;11,4;11,5;0;30,5;8,0;16,4;8,0;0;0;0,0;8;51,3;51,3;26,0;0;8200;14,4;62,7;8,0;60,0;0;62,7;8,0;8,0;0,00;0,00;0;0;47,7;139,0;6000;0;99;-2147483648;0;0;0;0;0;0;0;0;0;0;0;30,5;51,3;1;0;0;110;0;0;0;0,0;5882;0;0;0;
25.10.2025;01:42:56;11,4;11,5;0;30,5;8,0;16,4;8,0;0;0;0,0;8;51,3;51,3;26,0;0;8200;14,5;62,7;8,0;60,0;0;62,6;8,0;8,0;0,00;0,00;0;0;47,7;139,0;6000;0;99;-2147483648;0;0;0;0;0;0;0;0;0;0;0;30,5;51,3;1;0;0;110;0;0;0;0,0;5882;0;0;0;
25.10.2025;01:43:56;11,4;11,5;0;30,5;8,0;16,4;8,0;0;0;0,0;8;51,3;51,3;26,0;0;8200;14,3;62,6;8,0;60,0;0;62,5;8,0;8,0;0,00;0,00;0;0;47,6;139,0;6000;0;99;-2147483648;0;0;0;0;0;0;0;0;0;0;0;30,5;51,3;1;0;0;110;0;0;0;0,0;5882;0;0;0;
25.10.2025;01:44:56;11,4;11,5;0;30,4;8,0;16,4;8,0;0;0;0,0;8;51,3;51,3;26,0;0;8200;14,3;62,6;8,0;60,0;0;62,5;8,0;8,0;0,00;0,00;0;0;47,6;139,0;6000;0;99;-2147483648;0;0;0;0;0;0;0;0;0;0;0;30,4;51,3;1;0;0;110;0;0;0;0,0;5882;0;0;0;
25.10.2025;01:45:56;11,4;11,5;0;30,5;8,0;16,4;8,0;0;0;0,0;8;51,3;51,3;26,0;0;8200;14,4;62,6;8,0;60,0;0;62,4;8,0;8,0;0,00;0,00;0;0;47,6;139,0;6000;0;99;-2147483648;0;0;0;0;0;0;0;0;0;0;0;30,5;51,3;1;0;0;110;0;0;0;0,0;5882;0;0;0;
25.10.2025;01:46:56;11,4;11,5;0;30,4;8,0;16,4;8,0;0;0;0,0;8;51,2;51,2;26,0;0;8200;14,5;62,5;8,0;60,0;0;62,5;8,0;8,0;0,00;0,00;0;0;47,6;139,0;6000;0;99;-2147483648;0;0;0;0;0;0;0;0;0;0;0;30,4;51,3;1;0;0;110;0;0;0;0,0;5882;0;0;0;
25.10.2025;01:47:56;11,4;11,5;0;30,4;8,0;16,3;8,0;0;0;0,0;8;51,3;51,3;26,0;0;8200;14,3;62,5;8,0;60,0;0;62,4;8,0;8,0;0,00;0,00;0;0;47,7;139,0;6000;0;99;-2147483648;0;0;0;0;0;0;0;0;0;0;0;30,4;51,3;1;0;0;110;0;0;0;0,0;5882;0;0;0;
25.10.2025;01:48:56;11,4;11,5;0;30,4;8,0;16,3;8,0;0;0;0,0;8;51,2;51,2;26,0;0;8200;14,3;62,5;8,0;60,0;0;62,3;8,0;8,0;0,00;0,00;0;0;47,6;139,0;6000;0;99;-2147483648;0;0;0;0;0;0;0;0;0;0;0;30,4;51,2;1;0;0;110;0;0;0;0,0;5882;0;0;0;
25.10.2025;01:49:56;11,4;11,5;0;30,4;8,0;16,3;8,0;0;0;0,0;8;51,2;51,2;26,0;0;8200;14,3;62,5;8,0;60,0;0;62,3;8,0;8,0;0,00;0,00;0;0;47,6;139,0;6000;0;99;-2147483648;0;0;0;0;0;0;0;0;0;0;0;30,4;51,2;1;0;0;110;0;0;0;0,0;5882;0;0;0;
25.10.2025;01:50:56;11,4;11,5;0;30,4;8,0;16,3;8,0;0;0;0,0;8;51,2;51,2;26,0;0;8200;14,3;62,4;8,0;60,0;0;62,3;8,0;8,0;0,00;0,00;0;0;47,6;139,0;6000;0;99;-2147483648;0;0;0;0;0;0;0;0;0;0;0;30,4;51,2;1;0;0;110;0;0;0;0,0;5882;0;0;0;
25.10.2025;01:51:56;11,4;11,5;0;30,4;8,0;16,3;8,0;0;0;0,0;8;51,2;51,2;26,0;0;8200;14,4;62,4;8,0;60,0;0;62,2;8,0;8,0;0,00;0,00;0;0;47,6;139,0;6000;0;99;-2147483648;0;0;0;0;0;0;0;0;0;0;0;30,4;51,2;1;0;0;110;0;0;0;0,0;5882;0;0;0;
25.10.2025;01:52:56;11,4;11,5;0;30,4;8,0;16,3;8,0;0;0;0,0;8;51,2;51,2;26,0;0;8200;14,5;62,4;8,0;60,0;0;62,2;8,0;8,0;0,00;0,00;0;0;47,6;139,0;6000;0;99;-2147483648;0;0;0;0;0;0;0;0;0;0;0;30,4;51,2;1;0;0;110;0;0;0;0,0;5882;0;0;0;
25.10.2025;01:53:56;11,4;11,5;0;30,4;8,0;16,3;8,0;0;0;0,0;8;51,2;51,2;26,0;0;8200;14,5;62,3;8,0;60,0;0;62,2;8,0;8,0;0,00;0,00;0;0;47,6;139,0;6000;0;99;-2147483648;0;0;0;0;0;0;0;0;0;0;0;30,4;51,2;1;0;0;110;0;0;0;0,0;5882;0;0;0;
25.10.2025;01:54:56;11,4;11,5;0;30,4;8,0;16,3;8,0;0;0;0,0;8;51,2;51,2;26,0;0;8200;14,3;62,3;8,0;60,0;0;62,1;8,0;8,0;0,00;0,00;0;0;47,7;139,0;6000;0;99;-2147483648;0;0;0;0;0;0;0;0;0;0;0;30,4;51,2;1;0;0;110;0;0;0;0,0;5882;0;0;0;
25.10.2025;01:55:56;11,4;11,5;0;30,4;8,0;16,3;8,0;0;0;0,0;8;51,2;51,2;26,0;0;8200;14,3;62,3;8,0;60,0;0;62,1;8,0;8,0;0,00;0,00;0;0;47,6;139,0;6000;0;99;-2147483648;0;0;0;0;0;0;0;0;0;0;0;30,4;51,2;1;0;0;110;0;0;0;0,0;5882;0;0;0;
25.10.2025;01:56:56;11,4;11,5;0;30,3;8,0;16,4;8,0;0;0;0,0;8;51,2;51,2;26,0;0;8200;14,5;62,3;8,0;60,0;0;62,0;8,0;8,0;0,00;0,00;0;0;47,8;139,0;6000;0;99;-2147483648;0;0;0;0;0;0;0;0;0;0;0;30,3;51,2;1;0;0;110;0;0;0;0,0;5882;0;0;0;
25.10.2025;01:57:56;11,4;11,5;0;30,4;8,0;16,4;8,0;0;0;0,0;8;51,2;51,2;26,0;0;8200;14,3;62,2;8,0;60,0;0;62,0;8,0;8,0;0,00;0,00;0;0;47,6;139,0;6000;0;99;-2147483648;0;0;0;0;0;0;0;0;0;0;0;30,4;51,2;1;0;0;110;0;0;0;0,0;5882;0;0;0;
25.10.2025;01:58:56;11,4;11,5;0;30,4;8,0;16,4;8,0;0;0;0,0;8;51,2;51,2;26,0;0;8200;14,3;62,2;8,0;60,0;0;62,0;8,0;8,0;0,00;0,00;0;0;47,7;139,0;6000;0;99;-2147483648;0;0;0;0;0;0;0;0;0;0;0;30,4;51,2;1;0;0;110;0;0;0;0,0;5882;0;0;0;
25.10.2025;01:59:56;11,4;11,5;0;30,3;8,0;16,4;8,0;0;0;0,0;8;51,2;51,2;26,0;0;8200;14,3;62,2;8,0;60,0;0;62,0;8,0;8,0;0,00;0,00;0;0;47,7;139,0;6000;0;99;-2147483648;0;0;0;0;0;0;0;0;0;0;0;30,3;51,2;1;0;0;110;0;0;0;0,0;5882;0;0;0;
25.10.2025;02:00:56;11,4;11,5;0;30,3;8,0;16,4;8,0;0;0;0,0;8;51,1;51,1;26,0;0;8200;14,3;62,2;8,0;60,0;0;61,9;8,0;8,0;0,00;0,00;0;0;47,6;139,0;6000;0;99;-2147483648;0;0;0;0;0;0;0;0;0;0;0;30,3;51,1;1;0;0;110;0;0;0;0,0;5882;0;0;0;
25.10.2025;02:01:56;11,4;11,5;0;30,3;8,0;16,4;8,0;0;0;0,0;8;51,2;51,2;26,0;0;8200;14,3;62,1;8,0;60,0;0;61,9;8,0;8,0;0,00;0,00;0;0;47,7;139,0;6000;0;99;-2147483648;0;0;0;0;0;0;0;0;0;0;0;30,3;51,2;1;0;0;110;0;0;0;0,0;5882;0;0;0;
25.10.2025;02:02:56;11,4;11,5;0;30,3;8,0;16,3;8,0;0;0;0,0;8;51,1;51,1;26,0;0;8200;14,3;62,1;8,0;60,0;0;61,8;8,0;8,0;0,00;0,00;0;0;47,7;139,0;6000;0;99;-2147483648;0;0;0;0;0;0;0;0;0;0;0;30,3;51,1;1;0;0;110;0;0;0;0,0;5882;0;0;0;
25.10.2025;02:03:56;11,4;11,5;0;30,3;8,0;16,3;8,0;0;0;0,0;8;51,1;51,1;26,0;0;8200;14,3;62,1;8,0;60,0;0;61,8;8,0;8,0;0,00;0,00;0;0;47,6;139,0;6000;0;99;-2147483648;0;0;0;0;0;0;0;0;0;0;0;30,3;51,1;1;0;0;110;0;0;0;0,0;5882;0;0;0;
25.10.2025;02:04:56;11,4;11,5;0;30,3;8,0;16,3;8,0;0;0;0,0;8;51,1;51,1;26,0;0;8200;14,3;62,0;8,0;60,0;0;61,7;8,0;8,0;0,00;0,00;0;0;47,7;139,0;6000;0;99;-2147483648;0;0;0;0;0;0;0;0;0;0;0;30,3;51,1;1;0;0;110;0;0;0;0,0;5882;0;0;0;
25.10.2025;02:05:56;11,4;11,5;0;30,3;8,0;16,2;8,0;0;0;0,0;8;51,1;51,1;26,0;0;8200;14,4;62,0;8,0;60,0;0;61,7;8,0;8,0;0,00;0,00;0;0;47,6;139,0;6000;0;99;-2147483648;0;0;0;0;0;0;0;0;0;0;0;30,3;51,1;1;0;0;110;0;0;0;0,0;5882;0;0;0;
25.10.2025;02:06:56;11,4;11,5;0;30,3;8,0;16,2;8,0;0;0;0,0;8;51,1;51,1;26,0;0;8200;14,5;62,0;8,0;60,0;0;61,7;8,0;8,0;0,00;0,00;0;0;47,6;139,0;6000;0;99;-2147483648;0;0;0;0;0;0;0;0;0;0;0;30,3;51,1;1;0;0;110;0;0;0;0,0;5882;0;0;0;
25.10.2025;02:07:56;11,4;11,5;0;30,2;8,0;16,2;8,0;0;0;0,0;8;51,0;51,0;26,0;0;8200;14,3;61,9;8,0;60,0;0;61,5;8,0;8,0;0,00;0,00;0;0;47,7;139,0;6000;0;99;-2147483648;0;0;0;0;0;0;0;0;0;0;0;30,2;51,0;1;0;0;110;0;0;0;0,0;5882;0;0;0;
25.10.2025;02:08:56;11,4;11,5;0;30,2;8,0;16,2;8,0;0;0;0,0;8;51,0;51,0;26,0;0;8200;14,3;61,9;8,0;60,0;0;61,5;8,0;8,0;0,00;0,00;0;0;47,6;139,0;6000;0;99;-2147483648;0;0;0;0;0;0;0;0;0;0;0;30,2;51,0;1;0;0;110;0;0;0;0,0;5882;0;0;0;
25.10.2025;02:09:56;11,4;11,5;0;30,2;8,0;16,2;8,0;0;0;0,0;8;51,0;51,0;26,0;0;8200;14,3;61,9;8,0;60,0;0;61,6;8,0;8,0;0,00;0,00;0;0;47,6;139,0;6000;0;99;-2147483648;0;0;0;0;0;0;0;0;0;0;0;30,2;51,0;1;0;0;110;0;0;0;0,0;5882;0;0;0;
25.10.2025;02:10:56;11,4;11,5;0;30,2;8,0;16,3;8,0;0;0;0,0;8;51,0;51,0;26,0;0;8200;14,3;61,9;8,0;60,0;0;61,6;8,0;8,0;0,00;0,00;0;0;47,6;139,0;6000;0;99;-2147483648;0;0;0;0;0;0;0;0;0;0;0;30,2;51,0;1;0;0;110;0;0;0;0,0;5882;0;0;0;
25.10.2025;02:11:56;11,4;11,6;0;30,2;8,0;16,3;8,0;0;0;0,0;8;51,0;51,0;26,0;0;8200;14,3;61,8;8,0;60,0;0;61,5;8,0;8,0;0,00;0,00;0;0;47,6;139,0;6000;0;99;-2147483648;0;0;0;0;0;0;0;0;0;0;0;30,2;51,0;1;0;0;110;0;0;0;0,0;5882;0;0;0;
25.10.2025;02:12:56;11,4;11,5;0;30,2;8,0;16,3;8,0;0;0;0,0;8;51,0;51,0;26,0;0;8200;14,3;61,8;8,0;60,0;0;61,5;8,0;8,0;0,00;0,00;0;0;47,7;139,0;6000;0;99;-2147483648;0;0;0;0;0;0;0;0;0;0;0;30,2;51,0;1;0;0;110;0;0;0;0,0;5882;0;0;0;
25.10.2025;02:13:56;11,4;11,6;0;30,2;8,0;16,3;8,0;0;0;0,0;8;51,0;51,0;26,0;0;8200;14,5;61,7;8,0;60,0;0;61,5;8,0;8,0;0,00;0,00;0;0;47,5;139,0;6000;0;99;-2147483648;0;0;0;0;0;0;0;0;0;0;0;30,2;51,0;1;0;0;110;0;0;0;0,0;5882;0;0;0;
25.10.2025;02:14:56;11,4;11,5;0;30,2;8,0;16,3;8,0;0;0;0,0;8;51,0;51,0;26,0;0;8200;14,6;61,7;8,0;60,0;0;61,5;8,0;8,0;0,00;0,00;0;0;47,6;139,0;6000;0;99;-2147483648;0;0;0;0;0;0;0;0;0;0;0;30,2;51,0;1;0;0;110;0;0;0;0,0;5882;0;0;0;
25.10.2025;02:15:56;11,4;11,6;0;30,2;8,0;16,3;8,0;0;0;0,0;8;51,0;51,0;26,0;0;8200;14,3;61,7;8,0;60,0;0;61,5;8,0;8,0;0,00;0,00;0;0;47,7;139,0;6000;0;99;-2147483648;0;0;0;0;0;0;0;0;0;0;0;30,2;51,0;1;0;0;110;0;0;0;0,0;5882;0;0;0;
25.10.2025;02:16:56;11,4;11,6;0;30,2;8,0;16,3;8,0;0;0;0,0;8;51,0;51,0;26,0;0;8200;14,3;61,6;8,0;60,0;0;61,4;8,0;8,0;0,00;0,00;0;0;47,6;139,0;6000;0;99;-2147483648;0;0;0;0;0;0;0;0;0;0;0;30,2;51,0;1;0;0;110;0;0;0;0,0;5882;0;0;0;
25.10.2025;02:17:56;11,4;11,5;0;30,2;8,0;16,3;8,0;0;0;0,0;8;50,9;50,9;26,0;0;8200;14,4;61,6;8,0;60,0;0;61,3;8,0;8,0;0,00;0,00;0;0;47,6;139,0;6000;0;99;-2147483648;0;0;0;0;0;0;0;0;0;0;0;30,2;50,9;1;0;0;110;0;0;0;0,0;5882;0;0;0;
25.10.2025;02:18:56;11,4;11,6;0;30,2;8,0;16,3;8,0;0;0;0,0;8;50,9;50,9;26,0;0;8200;14,4;61,6;8,0;60,0;0;61,4;8,0;8,0;0,00;0,00;0;0;47,6;139,0;6000;0;99;-2147483648;0;0;0;0;0;0;0;0;0;0;0;30,2;50,9;1;0;0;110;0;0;0;0,0;5882;0;0;0;
25.10.2025;02:19:56;11,4;11,6;0;30,2;8,0;16,3;8,0;0;0;0,0;8;51,0;51,0;26,0;0;8200;14,3;61,6;8,0;60,0;0;61,1;8,0;8,0;0,00;0,00;0;0;47,7;139,0;6000;0;99;-2147483648;0;0;0;0;0;0;0;0;0;0;0;30,1;51,0;1;0;0;110;0;0;0;0,0;5882;0;0;0;
25.10.2025;02:20:56;11,4;11,6;0;30,2;8,0;16,4;8,0;0;0;0,0;8;51,0;51,0;26,0;0;8200;14,3;61,5;8,0;60,0;0;61,3;8,0;8,0;0,00;0,00;0;0;47,6;139,0;6000;0;99;-2147483648;0;0;0;0;0;0;0;0;0;0;0;30,2;50,9;1;0;0;110;0;0;0;0,0;5882;0;0;0;
25.10.2025;02:21:56;11,4;11,6;0;30,1;8,0;16,4;8,0;0;0;0,0;8;50,9;50,9;26,0;0;8200;14,3;61,5;8,0;60,0;0;61,2;8,0;8,0;0,00;0,00;0;0;47,6;139,0;6000;0;99;-2147483648;0;0;0;0;0;0;0;0;0;0;0;30,1;50,9;1;0;0;110;0;0;0;0,0;5882;0;0;0;
25.10.2025;02:22:56;11,4;11,6;0;30,1;8,0;16,4;8,0;0;0;0,0;8;50,9;50,9;26,0;0;8200;14,4;61,5;8,0;60,0;0;61,2;8,0;8,0;0,00;0,00;0;0;47,7;139,0;6000;0;99;-2147483648;0;0;0;0;0;0;0;0;0;0;0;30,1;50,9;1;0;0;110;0;0;0;0,0;5882;0;0;0;
25.10.2025;02:23:56;11,4;11,6;0;30,1;8,0;16,3;8,0;0;0;0,0;8;50,9;50,9;26,0;0;8200;14,3;61,5;8,0;60,0;0;61,1;8,0;8,0;0,00;0,00;0;0;47,6;139,0;6000;0;99;-2147483648;0;0;0;0;0;0;0;0;0;0;0;30,1;50,9;1;0;0;110;0;0;0;0,0;5882;0;0;0;
25.10.2025;02:24:56;11,4;11,6;0;30,1;8,0;16,3;8,0;0;0;0,0;8;50,9;50,9;26,0;0;8200;14,3;61,4;8,0;60,0;0;61,1;8,0;8,0;0,00;0,00;0;0;47,6;139,0;6000;0;99;-2147483648;0;0;0;0;0;0;0;0;0;0;0;30,1;50,9;1;0;0;110;0;0;0;0,0;5882;0;0;0;
25.10.2025;02:25:56;11,4;11,6;0;30,1;8,0;16,3;8,0;0;0;0,0;8;50,9;50,9;26,0;0;8200;14,2;61,4;8,0;60,0;0;61,0;8,0;8,0;0,00;0,00;0;0;47,6;139,0;6000;0;99;-2147483648;0;0;0;0;0;0;0;0;0;0;0;30,1;50,9;1;0;0;110;0;0;0;0,0;5882;0;0;0;
25.10.2025;02:26:56;11,4;11,6;0;30,1;8,0;16,3;8,0;0;0;0,0;8;50,9;50,9;26,0;0;8200;14,3;61,4;8,0;60,0;0;61,0;8,0;8,0;0,00;0,00;0;0;47,6;139,0;6000;0;99;-2147483648;0;0;0;0;0;0;0;0;0;0;0;30,1;50,9;1;0;0;110;0;0;0;0,0;5882;0;0;0;
25.10.2025;02:27:56;11,5;11,6;0;30,1;8,0;16,3;8,0;0;0;0,0;8;50,8;50,8;26,0;0;8200;14,3;61,3;8,0;60,0;0;61,0;8,0;8,0;0,00;0,00;0;0;47,6;139,0;6000;0;99;-2147483648;0;0;0;0;0;0;0;0;0;0;0;30,1;50,8;1;0;0;110;0;0;0;0,0;5882;0;0;0;
25.10.2025;02:28:56;11,5;11,5;0;30,0;8,0;16,3;8,0;0;0;0,0;8;50,8;50,8;26,0;0;8200;14,3;61,3;8,0;60,0;0;60,9;8,0;8,0;0,00;0,00;0;0;47,5;139,0;6000;0;99;-2147483648;0;0;0;0;0;0;0;0;0;0;0;30,0;50,8;1;0;0;110;0;0;0;0,0;5882;0;0;0;
25.10.2025;02:29:56;11,5;11,6;0;30,1;8,0;16,3;8,0;0;0;0,0;8;50,9;50,9;26,0;0;8200;14,3;61,3;8,0;60,0;0;60,9;8,0;8,0;0,00;0,00;0;0;47,6;139,0;6000;0;99;-2147483648;0;0;0;0;0;0;0;0;0;0;0;30,1;50,9;1;0;0;110;0;0;0;0,0;5882;0;0;0;
25.10.2025;02:30:56;11,5;11,6;0;30,1;8,0;16,2;8,0;0;0;0,0;8;50,8;50,8;26,0;0;8200;14,5;61,3;8,0;60,0;0;60,9;8,0;8,0;0,00;0,00;0;0;47,5;139,0;6000;0;99;-2147483648;0;0;0;0;0;0;0;0;0;0;0;30,1;50,8;1;0;0;110;0;0;0;0,0;5882;0;0;0;
25.10.2025;02:31:56;11,5;11,6;0;30,1;8,0;16,2;8,0;0;0;0,0;8;50,8;50,8;26,0;0;8200;14,4;61,2;8,0;60,0;0;61,0;8,0;8,0;0,00;0,00;0;0;47,6;139,0;6000;0;99;-2147483648;0;0;0;0;0;0;0;0;0;0;0;30,1;50,8;1;0;0;110;0;0;0;0,0;5882;0;0;0;
25.10.2025;02:32:56;11,5;11,5;0;30,0;8,0;16,2;8,0;0;0;0,0;8;50,8;50,8;26,0;0;8200;14,3;61,2;8,0;60,0;0;60,9;8,0;8,0;0,00;0,00;0;0;47,6;139,0;6000;0;99;-2147483648;0;0;0;0;0;0;0;0;0;0;0;30,0;50,8;1;0;0;110;0;0;0;0,0;5882;0;0;0;
25.10.2025;02:33:56;11,5;11,6;0;30,1;8,0;16,2;8,0;0;0;0,0;8;50,9;50,9;26,0;0;8200;14,5;61,1;8,0;60,0;0;60,8;8,0;8,0;0,00;0,00;0;0;47,7;139,0;6000;0;99;-2147483648;0;0;0;0;0;0;0;0;0;0;0;30,1;50,9;1;0;0;110;0;0;0;0,0;5882;0;0;0;
25.10.2025;02:34:56;11,5;11,5;0;30,0;8,0;16,2;8,0;0;0;0,0;8;50,7;50,7;26,0;0;8200;14,4;61,1;8,0;60,0;0;60,7;8,0;8,0;0,00;0,00;0;0;47,6;139,0;6000;0;99;-2147483648;0;0;0;0;0;0;0;0;0;0;0;30,0;50,7;1;0;0;110;0;0;0;0,0;5882;0;0;0;
25.10.2025;02:35:56;11,5;11,6;0;30,1;8,0;16,3;8,0;0;0;0,0;8;50,8;50,8;26,0;0;8200;14,3;61,1;8,0;60,0;0;60,7;8,0;8,0;0,00;0,00;0;0;47,6;139,0;6000;0;99;-2147483648;0;0;0;0;0;0;0;0;0;0;0;30,1;50,8;1;0;0;110;0;0;0;0,0;5882;0;0;0;
25.10.2025;02:36:56;11,5;11,5;0;29,9;8,0;16,3;8,0;0;0;0,0;8;50,7;50,7;26,0;0;8200;14,3;61,1;8,0;60,0;0;60,6;8,0;8,0;0,00;0,00;0;0;47,6;139,0;6000;0;99;-2147483648;0;0;0;0;0;0;0;0;0;0;0;29,9;50,7;1;0;0;110;0;0;0;0,0;5882;0;0;0;
25.10.2025;02:37:56;11,5;11,6;0;30,0;8,0;16,3;8,0;0;0;0,0;8;50,8;50,8;26,0;0;8200;14,3;61,0;8,0;60,0;0;60,6;8,0;8,0;0,00;0,00;0;0;47,7;139,0;6000;0;99;-2147483648;0;0;0;0;0;0;0;0;0;0;0;30,0;50,8;1;0;0;110;0;0;0;0,0;5882;0;0;0;
25.10.2025;02:38:56;11,5;11,5;0;30,1;8,0;16,3;8,0;0;0;0,0;8;50,8;50,8;26,0;0;8200;14,5;61,0;8,0;60,0;0;60,7;8,0;8,0;0,00;0,00;0;0;47,6;139,0;6000;0;99;-2147483648;0;0;0;0;0;0;0;0;0;0;0;30,1;50,8;1;0;0;110;0;0;0;0,0;5882;0;0;0;
25.10.2025;02:39:56;11,5;11,6;0;30,0;8,0;16,3;8,0;0;0;0,0;8;50,8;50,8;26,0;0;8200;14,3;61,0;8,0;60,0;0;60,6;8,0;8,0;0,00;0,00;0;0;47,6;139,0;6000;0;99;-2147483648;0;0;0;0;0;0;0;0;0;0;0;30,0;50,8;1;0;0;110;0;0;0;0,0;5882;0;0;0;
25.10.2025;02:40:56;11,5;11,6;0;30,0;8,0;16,3;8,0;0;0;0,0;8;50,7;50,7;26,0;0;8200;14,3;60,9;8,0;60,0;0;60,6;8,0;8,0;0,00;0,00;0;0;47,6;139,0;6000;0;99;-2147483648;0;0;0;0;0;0;0;0;0;0;0;30,0;50,8;1;0;0;110;0;0;0;0,0;5882;0;0;0;
25.10.2025;02:41:56;11,5;11,5;0;29,8;8,0;16,3;8,0;0;0;0,0;8;50,6;50,6;26,0;0;8200;14,2;61,0;8,0;60,0;0;60,5;8,0;8,0;0,00;0,00;0;0;47,5;139,0;6000;0;99;-2147483648;0;0;0;0;0;0;0;0;0;0;0;29,8;50,6;1;0;0;110;0;0;0;0,0;5882;0;0;0;
25.10.2025;02:42:56;11,5;11,6;0;30,0;8,0;16,3;8,0;0;0;0,0;8;50,7;50,7;26,0;0;8200;14,3;60,9;8,0;60,0;0;60,5;8,0;8,0;0,00;0,00;0;0;47,6;139,0;6000;0;99;-2147483648;0;0;0;0;0;0;0;0;0;0;0;30,0;50,7;1;0;0;110;0;0;0;0,0;5882;0;0;0;
25.10.2025;02:43:56;11,5;11,6;0;30,0;8,0;16,3;8,0;0;0;0,0;8;50,7;50,7;26,0;0;8200;14,3;60,9;8,0;60,0;0;60,6;8,0;8,0;0,00;0,00;0;0;47,5;139,0;6000;0;99;-2147483648;0;0;0;0;0;0;0;0;0;0;0;30,0;50,7;1;0;0;110;0;0;0;0,0;5882;0;0;0;
25.10.2025;02:44:56;11,5;11,6;0;30,0;8,0;16,3;8,0;0;0;0,0;8;50,7;50,7;26,0;0;8200;14,5;60,8;8,0;60,0;0;60,5;8,0;8,0;0,00;0,00;0;0;47,6;139,0;6000;0;99;-2147483648;0;0;0;0;0;0;0;0;0;0;0;30,0;50,7;1;0;0;110;0;0;0;0,0;5882;0;0;0;
25.10.2025;02:45:56;11,5;11,6;0;29,9;8,0;16,4;8,0;0;0;0,0;8;50,7;50,7;26,0;0;8200;14,3;60,8;8,0;60,0;0;60,6;8,0;8,0;0,00;0,00;0;0;47,6;139,0;6000;0;99;-2147483648;0;0;0;0;0;0;0;0;0;0;0;29,9;50,7;1;0;0;110;0;0;0;0,0;5882;0;0;0;
25.10.2025;02:46:56;11,5;11,5;0;29,9;8,0;16,3;8,0;0;0;0,0;8;50,6;50,6;26,0;0;8200;14,3;60,8;8,0;60,0;0;60,5;8,0;8,0;0,00;0,00;0;0;47,7;139,0;6000;0;99;-2147483648;0;0;0;0;0;0;0;0;0;0;0;29,9;50,6;1;0;0;110;0;0;0;0,0;5882;0;0;0;
25.10.2025;02:47:56;11,5;11,6;0;29,9;8,0;16,3;8,0;0;0;0,0;8;50,7;50,7;26,0;0;8200;14,3;60,8;8,0;60,0;0;60,5;8,0;8,0;0,00;0,00;0;0;47,6;139,0;6000;0;99;-2147483648;0;0;0;0;0;0;0;0;0;0;0;29,9;50,7;1;0;0;110;0;0;0;0,0;5882;0;0;0;
25.10.2025;02:48:56;11,5;11,5;0;29,9;8,0;16,3;8,0;0;0;0,0;8;50,6;50,6;26,0;0;8200;14,4;60,7;8,0;60,0;0;60,5;8,0;8,0;0,00;0,00;0;0;47,7;139,0;6000;0;99;-2147483648;0;0;0;0;0;0;0;0;0;0;0;29,9;50,6;1;0;0;110;0;0;0;0,0;5882;0;0;0;
25.10.2025;02:49:56;11,5;11,6;0;29,9;8,0;16,3;8,0;0;0;0,0;8;50,7;50,7;26,0;0;8200;14,4;60,7;8,0;60,0;0;60,4;8,0;8,0;0,00;0,00;0;0;47,6;139,0;6000;0;99;-2147483648;0;0;0;0;0;0;0;0;0;0;0;29,9;50,7;1;0;0;110;0;0;0;0,0;5882;0;0;0;
25.10.2025;02:50:56;11,5;11,6;0;29,9;8,0;16,3;8,0;0;0;0,0;8;50,6;50,6;26,0;0;8200;14,3;60,7;8,0;60,0;0;60,3;8,0;8,0;0,00;0,00;0;0;47,7;139,0;6000;0;99;-2147483648;0;0;0;0;0;0;0;0;0;0;0;29,9;50,6;1;0;0;110;0;0;0;0,0;5882;0;0;0;
25.10.2025;02:51:56;11,5;11,6;0;29,9;8,0;16,3;8,0;0;0;0,0;8;50,6;50,6;26,0;0;8200;14,4;60,6;8,0;60,0;0;60,3;8,0;8,0;0,00;0,00;0;0;47,6;139,0;6000;0;99;-2147483648;0;0;0;0;0;0;0;0;0;0;0;29,9;50,6;1;0;0;110;0;0;0;0,0;5882;0;0;0;
25.10.2025;02:52:56;11,5;11,6;0;29,9;8,0;16,3;8,0;0;0;0,0;8;50,6;50,6;26,0;0;8200;14,5;60,6;8,0;60,0;0;60,3;8,0;8,0;0,00;0,00;0;0;47,6;139,0;6000;0;99;-2147483648;0;0;0;0;0;0;0;0;0;0;0;29,9;50,6;1;0;0;110;0;0;0;0,0;5882;0;0;0;
25.10.2025;02:53:56;11,5;11,6;0;29,9;8,0;16,2;8,0;0;0;0,0;8;50,6;50,6;26,0;0;8200;14,3;60,6;8,0;60,0;0;60,1;8,0;8,0;0,00;0,00;0;0;47,7;139,0;6000;0;99;-2147483648;0;0;0;0;0;0;0;0;0;0;0;29,9;50,6;1;0;0;110;0;0;0;0,0;5882;0;0;0;
25.10.2025;02:54:56;11,5;11,6;0;29,9;8,0;16,3;8,0;0;0;0,0;8;50,6;50,6;26,0;0;8200;14,3;60,6;8,0;60,0;0;60,0;8,0;8,0;0,00;0,00;0;0;47,7;139,0;6000;0;99;-2147483648;0;0;0;0;0;0;0;0;0;0;0;29,9;50,6;1;0;0;110;0;0;0;0,0;5882;0;0;0;
25.10.2025;02:55:56;11,5;11,6;0;29,9;8,0;16,3;8,0;0;0;0,0;8;50,6;50,6;26,0;0;8200;14,3;60,5;8,0;60,0;0;60,0;8,0;8,0;0,00;0,00;0;0;47,7;139,0;6000;0;99;-2147483648;0;0;0;0;0;0;0;0;0;0;0;29,9;50,6;1;0;0;110;0;0;0;0,0;5882;0;0;0;
25.10.2025;02:56:56;11,5;11,6;0;29,9;8,0;16,3;8,0;0;0;0,0;8;50,6;50,6;26,0;0;8200;14,3;60,5;8,0;60,0;0;60,0;8,0;8,0;0,00;0,00;0;0;47,7;139,0;6000;0;99;-2147483648;0;0;0;0;0;0;0;0;0;0;0;29,9;50,6;1;0;0;110;0;0;0;0,0;5882;0;0;0;
25.10.2025;02:57:56;11,5;11,6;0;29,8;8,0;16,3;8,0;0;0;0,0;8;50,5;50,5;26,0;0;8200;14,7;60,5;8,0;60,0;0;59,8;8,0;8,0;0,00;0,00;0;0;47,6;139,0;6000;0;99;-2147483648;0;0;0;0;0;0;0;0;0;0;0;29,8;50,5;1;0;0;110;0;0;0;0,0;5882;0;0;0;
25.10.2025;02:58:56;11,5;11,6;0;29,8;8,0;16,3;8,0;0;0;0,0;8;50,6;50,6;26,0;0;8200;14,3;60,5;8,0;60,0;0;59,8;8,0;8,0;0,00;0,00;0;0;47,6;139,0;6000;0;99;-2147483648;0;0;0;0;0;0;0;0;0;0;0;29,8;50,6;1;0;0;110;0;0;0;0,0;5882;0;0;0;
25.10.2025;02:59:56;11,5;11,6;0;29,9;8,0;16,3;8,0;0;0;0,0;8;50,6;50,6;26,0;0;8200;14,3;60,4;8,0;60,0;0;60,0;8,0;8,0;0,00;0,00;0;0;47,6;139,0;6000;0;99;-2147483648;0;0;0;0;0;0;0;0;0;0;0;29,9;50,6;1;0;0;110;0;0;0;0,0;5882;0;0;0;
25.10.2025;03:00:56;11,5;11,6;0;29,8;8,0;16,3;8,0;0;0;0,0;8;50,5;50,5;26,0;0;8200;14,3;60,4;8,0;60,0;0;59,9;8,0;8,0;0,00;0,00;0;0;47,6;139,0;6000;0;99;-2147483648;0;0;0;0;0;0;0;0;0;0;0;29,8;50,5;1;0;0;110;0;0;0;0,0;5882;0;0;0;
25.10.2025;03:01:56;11,5;11,6;0;29,8;8,0;16,3;8,0;0;0;0,0;8;50,5;50,5;26,0;0;8200;14,3;60,4;8,0;60,0;0;59,8;8,0;8,0;0,00;0,00;0;0;47,6;139,0;6000;0;99;-2147483648;0;0;0;0;0;0;0;0;0;0;0;29,8;50,5;1;0;0;110;0;0;0;0,0;5882;0;0;0;
25.10.2025;03:02:56;11,5;11,6;0;29,9;8,0;16,3;8,0;0;0;0,0;8;50,6;50,6;26,0;0;8200;14,3;60,3;8,0;60,0;0;59,8;8,0;8,0;0,00;0,00;0;0;47,6;139,0;6000;0;99;-2147483648;0;0;0;0;0;0;0;0;0;0;0;29,9;50,6;1;0;0;110;0;0;0;0,0;5882;0;0;0;
25.10.2025;03:03:56;11,5;11,6;0;29,8;8,0;16,3;8,0;0;0;0,0;8;50,5;50,5;26,0;0;8200;14,3;60,3;8,0;60,0;0;59,8;8,0;8,0;0,00;0,00;0;0;47,6;139,0;6000;0;99;-2147483648;0;0;0;0;0;0;0;0;0;0;0;29,8;50,5;1;0;0;110;0;0;0;0,0;5882;0;0;0;
25.10.2025;03:04:56;11,5;11,6;0;29,8;8,0;16,3;8,0;0;0;0,0;8;50,5;50,5;26,0;0;8200;14,7;60,3;8,0;60,0;0;59,7;8,0;8,0;0,00;0,00;0;0;47,6;139,0;6000;0;99;-2147483648;0;0;0;0;0;0;0;0;0;0;0;29,8;50,5;1;0;0;110;0;0;0;0,0;5882;0;0;0;
25.10.2025;03:05:56;11,5;11,6;0;29,8;8,0;16,3;8,0;0;0;0,0;8;50,5;50,5;26,0;0;8200;14,3;60,3;8,0;60,0;0;59,7;8,0;8,0;0,00;0,00;0;0;47,6;139,0;6000;0;99;-2147483648;0;0;0;0;0;0;0;0;0;0;0;29,8;50,5;1;0;0;110;0;0;0;0,0;5882;0;0;0;
25.10.2025;03:06:56;11,5;11,6;0;29,8;8,0;16,3;8,0;0;0;0,0;8;50,5;50,5;26,0;0;8200;14,3;60,2;8,0;60,0;0;59,6;8,0;8,0;0,00;0,00;0;0;47,6;139,0;6000;0;99;-2147483648;0;0;0;0;0;0;0;0;0;0;0;29,8;50,5;1;0;0;110;0;0;0;0,0;5882;0;0;0;
25.10.2025;03:07:56;11,5;11,6;0;29,8;8,0;16,3;8,0;0;0;0,0;8;50,5;50,5;26,0;0;8200;14,3;60,2;8,0;60,0;0;59,6;8,0;8,0;0,00;0,00;0;0;47,6;139,0;6000;0;99;-2147483648;0;0;0;0;0;0;0;0;0;0;0;29,8;50,5;1;0;0;110;0;0;0;0,0;5882;0;0;0;
25.10.2025;03:08:56;11,5;11,6;0;29,8;8,0;16,3;8,0;0;0;0,0;8;50,5;50,5;26,0;0;8200;14,2;60,2;8,0;60,0;0;59,6;8,0;8,0;0,00;0,00;0;0;47,6;139,0;6000;0;99;-2147483648;0;0;0;0;0;0;0;0;0;0;0;29,8;50,5;1;0;0;110;0;0;0;0,0;5882;0;0;0;
25.10.2025;03:09:56;11,5;11,6;0;29,8;8,0;16,3;8,0;0;0;0,0;8;50,5;50,5;26,0;0;8200;14,3;60,1;8,0;60,0;0;59,5;8,0;8,0;0,00;0,00;0;0;47,7;139,0;6000;0;99;-2147483648;0;0;0;0;0;0;0;0;0;0;0;29,8;50,5;1;0;0;110;0;0;0;0,0;5882;0;0;0;
25.10.2025;03:10:56;11,5;11,6;0;29,7;8,0;16,3;8,0;0;0;0,0;8;50,5;50,5;26,0;0;8200;14,3;60,1;8,0;60,0;0;59,5;8,0;8,0;0,00;0,00;0;0;47,7;139,0;6000;0;99;-2147483648;0;0;0;0;0;0;0;0;0;0;0;29,7;50,5;1;0;0;110;0;0;0;0,0;5882;0;0;0;
25.10.2025;03:11:56;11,5;11,6;0;29,8;8,0;16,3;8,0;0;0;0,0;8;50,4;50,4;26,0;0;8200;14,3;60,1;8,0;60,0;0;59,5;8,0;8,0;0,00;0,00;0;0;47,6;139,0;6000;0;99;-2147483648;0;0;0;0;0;0;0;0;0;0;0;29,8;50,4;1;0;0;110;0;0;0;0,0;5882;0;0;0;
25.10.2025;03:12:56;11,5;11,6;0;29,7;8,0;16,3;8,0;0;0;0,0;8;50,4;50,4;26,0;0;8200;14,3;60,1;8,0;60,0;0;59,4;8,0;8,0;0,00;0,00;0;0;47,7;139,0;6000;0;99;-2147483648;0;0;0;0;0;0;0;0;0;0;0;29,7;50,4;1;0;0;110;0;0;0;0,0;5882;0;0;0;
25.10.2025;03:13:56;11,5;11,6;0;29,7;8,0;16,4;8,0;0;0;0,0;8;50,4;50,4;26,0;0;8200;14,3;60,0;8,0;60,0;0;59,4;8,0;8,0;0,00;0,00;0;0;47,6;139,0;6000;0;99;-2147483648;0;0;0;0;0;0;0;0;0;0;0;29,7;50,4;1;0;0;110;0;0;0;0,0;5882;0;0;0;
25.10.2025;03:14:56;11,5;11,6;0;29,7;8,0;16,4;8,0;0;0;0,0;8;50,4;50,4;26,0;0;8200;14,3;60,0;8,0;60,0;0;59,3;8,0;8,0;0,00;0,00;0;0;47,6;139,0;6000;0;99;-2147483648;0;0;0;0;0;0;0;0;0;0;0;29,7;50,4;1;0;0;110;0;0;0;0,0;5882;0;0;0;
25.10.2025;03:15:56;11,5;11,6;0;29,7;8,0;16,4;8,0;0;0;0,0;8;50,4;50,4;26,0;0;8200;14,3;60,0;8,0;60,0;0;59,3;8,0;8,0;0,00;0,00;0;0;47,6;139,0;6000;0;99;-2147483648;0;0;0;0;0;0;0;0;0;0;0;29,7;50,4;1;0;0;110;0;0;0;0,0;5882;0;0;0;
25.10.2025;03:16:56;11,5;11,6;0;29,7;8,0;16,4;8,0;0;0;0,0;8;50,4;50,4;26,0;0;8200;14,3;59,9;8,0;60,0;0;59,3;8,0;8,0;0,00;0,00;0;0;47,6;139,0;6000;0;99;-2147483648;0;0;0;0;0;0;0;0;0;0;0;29,7;50,4;1;0;0;110;0;0;0;0,0;5882;0;0;0;
25.10.2025;03:17:56;11,5;11,6;0;29,7;8,0;16,3;8,0;0;0;0,0;8;50,4;50,4;26,0;0;8200;14,5;59,9;8,0;60,0;0;59,3;8,0;8,0;0,00;0,00;0;0;47,7;139,0;6000;0;99;-2147483648;0;0;0;0;0;0;0;0;0;0;0;29,7;50,4;1;0;0;110;0;0;0;0,0;5882;0;0;0;
25.10.2025;03:18:56;11,5;11,6;0;29,7;8,0;16,3;8,0;0;0;0,0;8;50,4;50,4;26,0;0;8200;14,3;59,9;8,0;60,0;0;59,2;8,0;8,0;0,00;0,00;0;0;47,5;139,0;6000;0;99;-2147483648;0;0;0;0;0;0;0;0;0;0;0;29,7;50,4;1;0;0;110;0;0;0;0,0;5882;0;0;0;
25.10.2025;03:19:56;11,5;11,6;0;29,6;8,0;16,3;8,0;0;0;0,0;8;50,3;50,3;26,0;0;8200;14,3;59,9;8,0;60,0;0;59,2;8,0;8,0;0,00;0,00;0;0;47,6;139,0;6000;0;99;-2147483648;0;0;0;0;0;0;0;0;0;0;0;29,6;50,3;1;0;0;110;0;0;0;0,0;5882;0;0;0;
25.10.2025;03:20:56;11,5;11,6;0;29,6;8,0;16,3;8,0;0;0;0,0;8;50,3;50,3;26,0;0;8200;14,3;59,8;8,0;60,0;0;59,2;8,0;8,0;0,00;0,00;0;0;47,6;139,0;6000;0;99;-2147483648;0;0;0;0;0;0;0;0;0;0;0;29,6;50,3;1;0;0;110;0;0;0;0,0;5882;0;0;0;
25.10.2025;03:21:56;11,5;11,6;0;29,6;8,0;16,3;8,0;0;0;0,0;8;50,3;50,3;26,0;0;8200;14,3;59,8;8,0;60,0;0;59,1;8,0;8,0;0,00;0,00;0;0;47,6;139,0;6000;0;99;-2147483648;0;0;0;0;0;0;0;0;0;0;0;29,6;50,3;1;0;0;110;0;0;0;0,0;5882;0;0;0;
25.10.2025;03:22:56;11,5;11,6;0;29,6;8,0;16,3;8,0;0;0;0,0;8;50,3;50,3;26,0;0;8200;14,3;59,8;8,0;60,0;0;59,1;8,0;8,0;0,00;0,00;0;0;47,9;139,0;6000;0;99;-2147483648;0;0;0;0;0;0;0;0;0;0;0;29,6;50,3;1;0;0;110;0;0;0;0,0;5882;0;0;0;
25.10.2025;03:23:56;11,5;11,6;0;29,6;8,0;16,3;8,0;0;0;0,0;8;50,3;50,3;26,0;0;8200;14,2;59,7;8,0;60,0;0;59,0;8,0;8,0;0,00;0,00;0;0;47,6;139,0;6000;0;99;-2147483648;0;0;0;0;0;0;0;0;0;0;0;29,6;50,3;1;0;0;110;0;0;0;0,0;5882;0;0;0;
25.10.2025;03:24:56;11,5;11,6;0;29,6;8,0;16,3;8,0;0;0;0,0;8;50,3;50,3;26,0;0;8200;14,2;59,7;8,0;60,0;0;59,0;8,0;8,0;0,00;0,00;0;0;47,6;139,0;6000;0;99;-2147483648;0;0;0;0;0;0;0;0;0;0;0;29,6;50,3;1;0;0;110;0;0;0;0,0;5882;0;0;0;
25.10.2025;03:25:56;11,5;11,6;0;29,6;8,0;16,3;8,0;0;0;0,0;8;50,3;50,3;26,0;0;8200;14,3;59,7;8,0;60,0;0;58,9;8,0;8,0;0,00;0,00;0;0;47,7;139,0;6000;0;99;-2147483648;0;0;0;0;0;0;0;0;0;0;0;29,6;50,3;1;0;0;110;0;0;0;0,0;5882;0;0;0;
25.10.2025;03:26:56;11,5;11,6;0;29,6;8,0;16,3;8,0;0;0;0,0;8;50,3;50,3;26,0;0;8200;14,2;59,6;8,0;60,0;0;58,8;8,0;8,0;0,00;0,00;0;0;47,7;139,0;6000;0;99;-2147483648;0;0;0;0;0;0;0;0;0;0;0;29,6;50,3;1;0;0;110;0;0;0;0,0;5882;0;0;0;
25.10.2025;03:27:56;11,5;11,6;0;29,5;8,0;16,3;8,0;0;0;0,0;8;50,3;50,3;26,0;0;8200;14,3;59,6;8,0;60,0;0;58,7;8,0;8,0;0,00;0,00;0;0;47,6;139,0;6000;0;99;-2147483648;0;0;0;0;0;0;0;0;0;0;0;29,5;50,3;1;0;0;110;0;0;0;0,0;5882;0;0;0;
25.10.2025;03:28:56;11,5;11,6;0;29,6;8,0;16,3;8,0;0;0;0,0;8;50,3;50,3;26,0;0;8200;14,3;59,6;8,0;60,0;0;58,7;8,0;8,0;0,00;0,00;0;0;47,6;139,0;6000;0;99;-2147483648;0;0;0;0;0;0;0;0;0;0;0;29,6;50,3;1;0;0;110;0;0;0;0,0;5882;0;0;0;
25.10.2025;03:29:56;11,5;11,6;0;29,5;8,0;16,2;8,0;0;0;0,0;8;50,2;50,2;26,0;0;8200;14,3;59,5;8,0;60,0;0;58,7;8,0;8,0;0,00;0,00;0;0;47,6;139,0;6000;0;99;-2147483648;0;0;0;0;0;0;0;0;0;0;0;29,5;50,2;1;0;0;110;0;0;0;0,0;5882;0;0;0;
25.10.2025;03:30:56;11,5;11,6;0;29,5;8,0;16,2;8,0;0;0;0,0;8;50,2;50,2;26,0;0;8200;14,2;59,5;8,0;60,0;0;58,5;8,0;8,0;0,00;0,00;0;0;47,6;139,0;6000;0;99;-2147483648;0;0;0;0;0;0;0;0;0;0;0;29,5;50,2;1;0;0;110;0;0;0;0,0;5882;0;0;0;
25.10.2025;03:31:56;11,5;11,6;0;29,5;8,0;16,2;8,0;0;0;0,0;8;50,2;50,2;26,0;0;8200;14,2;59,5;8,0;60,0;0;58,5;8,0;8,0;0,00;0,00;0;0;47,6;139,0;6000;0;99;-2147483648;0;0;0;0;0;0;0;0;0;0;0;29,5;50,2;1;0;0;110;0;0;0;0,0;5882;0;0;0;
25.10.2025;03:32:56;11,5;11,6;0;29,5;8,0;16,2;8,0;0;0;0,0;8;50,2;50,2;26,0;0;8200;14,3;59,5;8,0;60,0;0;58,4;8,0;8,0;0,00;0,00;0;0;47,6;139,0;6000;0;99;-2147483648;0;0;0;0;0;0;0;0;0;0;0;29,5;50,2;1;0;0;110;0;0;0;0,0;5882;0;0;0;
25.10.2025;03:33:56;11,5;11,6;0;29,5;8,0;16,2;8,0;0;0;0,0;8;50,2;50,2;26,0;0;8200;14,3;59,4;8,0;60,0;0;58,4;8,0;8,0;0,00;0,00;0;0;47,6;139,0;6000;0;99;-2147483648;0;0;0;0;0;0;0;0;0;0;0;29,5;50,2;1;0;0;110;0;0;0;0,0;5882;0;0;0;
25.10.2025;03:34:56;11,5;11,6;0;29,5;8,0;16,2;8,0;0;0;0,0;8;50,2;50,2;26,0;0;8200;14,2;59,4;8,0;60,0;0;58,4;8,0;8,0;0,00;0,00;0;0;47,7;139,0;6000;0;99;-2147483648;0;0;0;0;0;0;0;0;0;0;0;29,5;50,2;1;0;0;110;0;0;0;0,0;5882;0;0;0;
25.10.2025;03:35:56;11,5;11,6;0;29,5;8,0;16,3;8,0;0;0;0,0;8;50,2;50,2;26,0;0;8200;14,2;59,4;8,0;60,0;0;58,3;8,0;8,0;0,00;0,00;0;0;47,6;139,0;6000;0;99;-2147483648;0;0;0;0;0;0;0;0;0;0;0;29,5;50,2;1;0;0;110;0;0;0;0,0;5882;0;0;0;
25.10.2025;03:36:56;11,5;11,6;0;29,5;8,0;16,3;8,0;0;0;0,0;8;50,2;50,2;26,0;0;8200;14,3;59,4;8,0;60,0;0;58,4;8,0;8,0;0,00;0,00;0;0;47,6;139,0;6000;0;99;-2147483648;0;0;0;0;0;0;0;0;0;0;0;29,5;50,2;1;0;0;110;0;0;0;0,0;5882;0;0;0;
25.10.2025;03:37:56;11,5;11,6;0;29,5;8,0;16,2;8,0;0;0;0,0;8;50,2;50,2;26,0;0;8200;14,3;59,3;8,0;60,0;0;58,4;8,0;8,0;0,00;0,00;0;0;47,6;139,0;6000;0;99;-2147483648;0;0;0;0;0;0;0;0;0;0;0;29,5;50,2;1;0;0;110;0;0;0;0,0;5882;0;0;0;
25.10.2025;03:38:56;11,5;11,6;0;29,4;8,0;16,3;8,0;0;0;0,0;8;50,2;50,2;26,0;0;8200;14,3;59,3;8,0;60,0;0;58,4;8,0;8,0;0,00;0,00;0;0;47,6;139,0;6000;0;99;-2147483648;0;0;0;0;0;0;0;0;0;0;0;29,4;50,2;1;0;0;110;0;0;0;0,0;5882;0;0;0;
25.10.2025;03:39:56;11,5;11,6;0;29,5;8,0;16,3;8,0;0;0;0,0;8;50,2;50,2;26,0;0;8200;14,3;59,3;8,0;60,0;0;58,4;8,0;8,0;0,00;0,00;0;0;47,7;139,0;6000;0;99;-2147483648;0;0;0;0;0;0;0;0;0;0;0;29,5;50,2;1;0;0;110;0;0;0;0,0;5882;0;0;0;
25.10.2025;03:40:56;11,5;11,6;0;29,5;8,0;16,3;8,0;0;0;0,0;8;50,2;50,2;26,0;0;8200;14,3;59,2;8,0;60,0;0;58,3;8,0;8,0;0,00;0,00;0;0;47,6;139,0;6000;0;99;-2147483648;0;0;0;0;0;0;0;0;0;0;0;29,5;50,2;1;0;0;110;0;0;0;0,0;5882;0;0;0;
25.10.2025;03:41:56;11,5;11,6;0;29,4;8,0;16,3;8,0;0;0;0,0;8;50,1;50,1;26,0;0;8200;14,3;59,2;8,0;60,0;0;58,3;8,0;8,0;0,00;0,00;0;0;47,6;139,0;6000;0;99;-2147483648;0;0;0;0;0;0;0;0;0;0;0;29,4;50,1;1;0;0;110;0;0;0;0,0;5882;0;0;0;
25.10.2025;03:42:56;11,5;11,6;0;29,4;8,0;16,3;8,0;0;0;0,0;8;50,2;50,2;26,0;0;8200;14,3;59,2;8,0;60,0;0;58,2;8,0;8,0;0,00;0,00;0;0;47,6;139,0;6000;0;99;-2147483648;0;0;0;0;0;0;0;0;0;0;0;29,4;50,2;1;0;0;110;0;0;0;0,0;5882;0;0;0;
25.10.2025;03:43:56;11,5;11,6;0;29,4;8,0;16,2;8,0;0;0;0,0;8;50,1;50,1;26,0;0;8200;14,3;59,2;8,0;60,0;0;58,2;8,0;8,0;0,00;0,00;0;0;47,6;139,0;6000;0;99;-2147483648;0;0;0;0;0;0;0;0;0;0;0;29,4;50,1;1;0;0;110;0;0;0;0,0;5882;0;0;0;
25.10.2025;03:44:56;11,5;11,6;0;29,4;8,0;16,2;8,0;0;0;0,0;8;50,1;50,1;26,0;0;8200;14,2;59,1;8,0;60,0;0;58,2;8,0;8,0;0,00;0,00;0;0;47,7;139,0;6000;0;99;-2147483648;0;0;0;0;0;0;0;0;0;0;0;29,4;50,1;1;0;0;110;0;0;0;0,0;5882;0;0;0;
25.10.2025;03:45:56;11,5;11,5;0;29,4;8,0;16,2;8,0;0;0;0,0;8;50,1;50,1;26,0;0;8200;14,2;59,1;8,0;60,0;0;58,2;8,0;8,0;0,00;0,00;0;0;47,6;139,0;6000;0;99;-2147483648;0;0;0;0;0;0;0;0;0;0;0;29,4;50,1;1;0;0;110;0;0;0;0,0;5882;0;0;0;
25.10.2025;03:46:56;11,5;11,6;0;29,4;8,0;16,2;8,0;0;0;0,0;8;50,1;50,1;26,0;0;8200;14,3;59,1;8,0;60,0;0;58,1;8,0;8,0;0,00;0,00;0;0;47,6;139,0;6000;0;99;-2147483648;0;0;0;0;0;0;0;0;0;0;0;29,4;50,1;1;0;0;110;0;0;0;0,0;5882;0;0;0;
25.10.2025;03:47:56;11,5;11,6;0;29,4;8,0;16,2;8,0;0;0;0,0;8;50,1;50,1;26,0;0;8200;14,4;59,1;8,0;60,0;0;58,1;8,0;8,0;0,00;0,00;0;0;47,6;139,0;6000;0;99;-2147483648;0;0;0;0;0;0;0;0;0;0;0;29,4;50,1;1;0;0;110;0;0;0;0,0;5882;0;0;0;
25.10.2025;03:48:56;11,5;11,6;0;29,4;8,0;16,2;8,0;0;0;0,0;8;50,1;50,1;26,0;0;8200;14,3;59,0;8,0;60,0;0;58,1;8,0;8,0;0,00;0,00;0;0;47,6;139,0;6000;0;99;-2147483648;0;0;0;0;0;0;0;0;0;0;0;29,4;50,1;1;0;0;110;0;0;0;0,0;5882;0;0;0;
25.10.2025;03:49:56;11,5;11,6;0;29,4;8,0;16,2;8,0;0;0;0,0;8;50,1;50,1;26,0;0;8200;14,3;59,0;8,0;60,0;0;58,0;8,0;8,0;0,00;0,00;0;0;47,7;139,0;6000;0;99;-2147483648;0;0;0;0;0;0;0;0;0;0;0;29,4;50,1;1;0;0;110;0;0;0;0,0;5882;0;0;0;
25.10.2025;03:50:56;11,5;11,5;0;29,3;8,0;16,2;8,0;0;0;0,0;8;50,1;50,1;26,0;0;8200;14,3;59,0;8,0;60,0;0;58,1;8,0;8,0;0,00;0,00;0;0;47,7;139,0;6000;0;99;-2147483648;0;0;0;0;0;0;0;0;0;0;0;29,3;50,1;1;0;0;110;0;0;0;0,0;5882;0;0;0;
25.10.2025;03:51:56;11,5;11,6;0;29,3;8,0;16,2;8,0;0;0;0,0;8;50,0;50,0;26,0;0;8200;14,2;58,9;8,0;60,0;0;58,0;8,0;8,0;0,00;0,00;0;0;47,8;139,0;6000;0;99;-2147483648;0;0;0;0;0;0;0;0;0;0;0;29,3;50,0;1;0;0;110;0;0;0;0,0;5882;0;0;0;
25.10.2025;03:52:56;11,5;11,5;0;29,3;8,0;16,3;8,0;0;0;0,0;8;50,0;50,0;26,0;0;8200;14,3;58,9;8,0;60,0;0;57,9;8,0;8,0;0,00;0,00;0;0;47,6;139,0;6000;0;99;-2147483648;0;0;0;0;0;0;0;0;0;0;0;29,3;50,0;1;0;0;110;0;0;0;0,0;5882;0;0;0;
25.10.2025;03:53:56;11,5;11,5;0;29,3;8,0;16,3;8,0;0;0;0,0;8;50,0;50,0;26,0;0;8200;14,5;58,9;8,0;60,0;0;58,0;8,0;8,0;0,00;0,00;0;0;47,6;139,0;6000;0;99;-2147483648;0;0;0;0;0;0;0;0;0;0;0;29,3;50,0;1;0;0;110;0;0;0;0,0;5882;0;0;0;
25.10.2025;03:54:56;11,5;11,6;0;29,3;8,0;16,3;8,0;0;0;0,0;8;50,0;50,0;26,0;0;8200;14,3;58,9;8,0;60,0;0;57,9;8,0;8,0;0,00;0,00;0;0;47,6;139,0;6000;0;99;-2147483648;0;0;0;0;0;0;0;0;0;0;0;29,3;50,0;1;0;0;110;0;0;0;0,0;5882;0;0;0;
25.10.2025;03:55:56;11,5;11,5;0;29,3;8,0;16,2;8,0;0;0;0,0;8;50,0;50,0;26,0;0;8200;14,3;58,8;8,0;60,0;0;57,9;8,0;8,0;0,00;0,00;0;0;47,6;139,0;6000;0;99;-2147483648;0;0;0;0;0;0;0;0;0;0;0;29,3;50,0;1;0;0;110;0;0;0;0,0;5882;0;0;0;
25.10.2025;03:56:56;11,5;11,5;0;29,3;8,0;16,2;8,0;0;0;0,0;8;50,0;50,0;26,0;0;8200;14,2;58,8;8,0;60,0;0;57,9;8,0;8,0;0,00;0,00;0;0;47,6;139,0;6000;0;99;-2147483648;0;0;0;0;0;0;0;0;0;0;0;29,3;50,0;1;0;0;110;0;0;0;0,0;5882;0;0;0;
25.10.2025;03:57:56;11,5;11,5;0;29,3;8,0;16,2;8,0;0;0;0,0;8;50,0;50,0;26,0;0;8200;14,2;58,7;8,0;60,0;0;57,9;8,0;8,0;0,00;0,00;0;0;47,6;139,0;6000;0;99;-2147483648;0;0;0;0;0;0;0;0;0;0;0;29,3;50,0;1;0;0;110;0;0;0;0,0;5882;0;0;0;
25.10.2025;03:58:56;11,5;11,5;0;29,3;8,0;16,2;8,0;0;0;0,0;8;50,0;50,0;26,0;0;8200;14,2;58,7;8,0;60,0;0;57,9;8,0;8,0;0,00;0,00;0;0;47,6;139,0;6000;0;99;-2147483648;0;0;0;0;0;0;0;0;0;0;0;29,3;50,0;1;0;0;110;0;0;0;0,0;5882;0;0;0;
25.10.2025;03:59:56;11,5;11,5;0;29,3;8,0;16,2;8,0;0;0;0,0;8;49,9;49,9;26,0;0;8200;14,1;58,7;8,0;60,0;0;57,8;8,0;8,0;0,00;0,00;0;0;47,6;139,0;6000;0;99;-2147483648;0;0;0;0;0;0;0;0;0;0;0;29,3;49,9;1;0;0;110;0;0;0;0,0;5882;0;0;0;
25.10.2025;04:00:56;11,5;11,5;0;29,3;8,0;16,2;8,0;0;0;0,0;8;50,0;50,0;26,0;0;8200;14,1;58,7;8,0;60,0;0;57,7;8,0;8,0;0,00;0,00;0;0;47,6;139,0;6000;0;99;-2147483648;0;0;0;0;0;0;0;0;0;0;0;29,3;50,0;1;0;0;110;0;0;0;0,0;5882;0;0;0;
25.10.2025;04:01:56;11,5;11,5;0;29,3;8,0;16,2;8,0;0;0;0,0;8;49,9;49,9;26,0;0;8200;14,3;58,6;8,0;60,0;0;57,7;8,0;8,0;0,00;0,00;0;0;47,7;139,0;6000;0;99;-2147483648;0;0;0;0;0;0;0;0;0;0;0;29,3;49,9;1;0;0;110;0;0;0;0,0;5882;0;0;0;
25.10.2025;04:02:56;11,5;11,5;0;29,3;8,0;16,2;8,0;0;0;0,0;8;49,9;49,9;26,0;0;8200;14,3;58,6;8,0;60,0;0;57,7;8,0;8,0;0,00;0,00;0;0;47,7;139,0;6000;0;99;-2147483648;0;0;0;0;0;0;0;0;0;0;0;29,3;49,9;1;0;0;110;0;0;0;0,0;5882;0;0;0;
25.10.2025;04:03:56;11,5;11,5;0;29,3;8,0;16,2;8,0;0;0;0,0;8;49,9;49,9;26,0;0;8200;14,3;58,6;8,0;60,0;0;57,7;8,0;8,0;0,00;0,00;0;0;47,7;139,0;6000;0;99;-2147483648;0;0;0;0;0;0;0;0;0;0;0;29,3;49,9;1;0;0;110;0;0;0;0,0;5882;0;0;0;
25.10.2025;04:04:56;11,5;11,5;0;29,2;8,0;16,1;8,0;0;0;0,0;8;49,9;49,9;26,0;0;8200;14,2;58,6;8,0;60,0;0;57,6;8,0;8,0;0,00;0,00;0;0;47,7;139,0;6000;0;99;-2147483648;0;0;0;0;0;0;0;0;0;0;0;29,2;49,9;1;0;0;110;0;0;0;0,0;5882;0;0;0;
25.10.2025;04:05:56;11,5;11,5;0;29,2;8,0;16,1;8,0;0;0;0,0;8;49,9;49,9;26,0;0;8200;14,3;58,5;8,0;60,0;0;57,7;8,0;8,0;0,00;0,00;0;0;47,6;139,0;6000;0;99;-2147483648;0;0;0;0;0;0;0;0;0;0;0;29,2;49,9;1;0;0;110;0;0;0;0,0;5882;0;0;0;
25.10.2025;04:06:56;11,5;11,5;0;29,2;8,0;16,2;8,0;0;0;0,0;8;49,9;49,9;26,0;0;8200;14,3;58,5;8,0;60,0;0;57,6;8,0;8,0;0,00;0,00;0;0;47,6;139,0;6000;0;99;-2147483648;0;0;0;0;0;0;0;0;0;0;0;29,2;49,9;1;0;0;110;0;0;0;0,0;5882;0;0;0;
25.10.2025;04:07:56;11,5;11,5;0;29,3;8,0;16,3;8,0;0;0;0,0;8;49,9;49,9;26,0;0;8200;14,3;58,5;8,0;60,0;0;57,6;8,0;8,0;0,00;0,00;0;0;47,6;139,0;6000;0;99;-2147483648;0;0;0;0;0;0;0;0;0;0;0;29,3;49,9;1;0;0;110;0;0;0;0,0;5882;0;0;0;
25.10.2025;04:08:56;11,5;11,5;0;29,2;8,0;16,2;8,0;0;0;0,0;8;49,9;49,9;26,0;0;8200;14,2;58,4;8,0;60,0;0;57,6;8,0;8,0;0,00;0,00;0;0;47,7;139,0;6000;0;99;-2147483648;0;0;0;0;0;0;0;0;0;0;0;29,2;49,9;1;0;0;110;0;0;0;0,0;5882;0;0;0;
25.10.2025;04:09:56;11,5;11,5;0;29,2;8,0;16,2;8,0;0;0;0,0;8;49,9;49,9;26,0;0;8200;14,2;58,4;8,0;60,0;0;57,5;8,0;8,0;0,00;0,00;0;0;47,5;139,0;6000;0;99;-2147483648;0;0;0;0;0;0;0;0;0;0;0;29,2;49,8;1;0;0;110;0;0;0;0,0;5882;0;0;0;
25.10.2025;04:10:56;11,5;11,5;0;29,1;8,0;16,2;8,0;0;0;0,0;8;49,8;49,8;26,0;0;8200;14,3;58,4;8,0;60,0;0;57,5;8,0;8,0;0,00;0,00;0;0;47,5;139,0;6000;0;99;-2147483648;0;0;0;0;0;0;0;0;0;0;0;29,1;49,8;1;0;0;110;0;0;0;0,0;5882;0;0;0;
25.10.2025;04:11:56;11,5;11,5;0;29,1;8,0;16,2;8,0;0;0;0,0;8;49,8;49,8;26,0;0;8200;14,3;58,4;8,0;60,0;0;57,5;8,0;8,0;0,00;0,00;0;0;47,6;139,0;6000;0;99;-2147483648;0;0;0;0;0;0;0;0;0;0;0;29,1;49,8;1;0;0;110;0;0;0;0,0;5882;0;0;0;
25.10.2025;04:12:56;11,5;11,5;0;29,1;8,0;16,1;8,0;0;0;0,0;8;49,8;49,8;26,0;0;8200;14,2;58,4;8,0;60,0;0;57,4;8,0;8,0;0,00;0,00;0;0;47,6;139,0;6000;0;99;-2147483648;0;0;0;0;0;0;0;0;0;0;0;29,1;49,8;1;0;0;110;0;0;0;0,0;5882;0;0;0;
25.10.2025;04:13:56;11,5;11,5;0;29,1;8,0;16,2;8,0;0;0;0,0;8;49,8;49,8;26,0;0;8200;14,3;58,3;8,0;60,0;0;57,4;8,0;8,0;0,00;0,00;0;0;47,6;139,0;6000;0;99;-2147483648;0;0;0;0;0;0;0;0;0;0;0;29,1;49,8;1;0;0;110;0;0;0;0,0;5882;0;0;0;
25.10.2025;04:14:56;11,5;11,5;0;29,1;8,0;16,2;8,0;0;0;0,0;8;49,8;49,8;26,0;0;8200;14,3;58,3;8,0;60,0;0;57,3;8,0;8,0;0,00;0,00;0;0;47,9;139,0;6000;0;99;-2147483648;0;0;0;0;0;0;0;0;0;0;0;29,1;49,8;1;0;0;110;0;0;0;0,0;5882;0;0;0;
25.10.2025;04:15:56;11,5;11,5;0;29,2;8,0;16,2;8,0;0;0;0,0;8;49,8;49,8;26,0;0;8200;14,2;58,3;8,0;60,0;0;57,3;8,0;8,0;0,00;0,00;0;0;47,6;139,0;6000;0;99;-2147483648;0;0;0;0;0;0;0;0;0;0;0;29,2;49,8;1;0;0;110;0;0;0;0,0;5882;0;0;0;
25.10.2025;04:16:56;11,5;11,5;0;29,2;8,0;16,2;8,0;0;0;0,0;8;49,8;49,8;26,0;0;8200;14,2;58,2;8,0;60,0;0;57,4;8,0;8,0;0,00;0,00;0;0;47,8;139,0;6000;0;99;-2147483648;0;0;0;0;0;0;0;0;0;0;0;29,2;49,8;1;0;0;110;0;0;0;0,0;5882;0;0;0;
25.10.2025;04:17:56;11,5;11,5;0;29,1;8,0;16,2;8,0;0;0;0,0;8;49,8;49,8;26,0;0;8200;14,3;58,2;8,0;60,0;0;57,2;8,0;8,0;0,00;0,00;0;0;47,7;139,0;6000;0;99;-2147483648;0;0;0;0;0;0;0;0;0;0;0;29,1;49,8;1;0;0;110;0;0;0;0,0;5882;0;0;0;
25.10.2025;04:18:56;11,5;11,5;0;29,0;8,0;16,1;8,0;0;0;0,0;8;49,7;49,7;26,0;0;8200;14,3;58,2;8,0;60,0;0;57,2;8,0;8,0;0,00;0,00;0;0;47,4;139,0;6000;0;99;-2147483648;0;0;0;0;0;0;0;0;0;0;0;29,0;49,7;1;0;0;110;0;0;0;0,0;5882;0;0;0;
25.10.2025;04:19:56;11,5;11,5;0;29,2;8,0;16,1;8,0;0;0;0,0;8;49,8;49,8;26,0;0;8200;14,2;58,1;8,0;60,0;0;57,2;8,0;8,0;0,00;0,00;0;0;47,6;139,0;6000;0;99;-2147483648;0;0;0;0;0;0;0;0;0;0;0;29,2;49,8;1;0;0;110;0;0;0;0,0;5882;0;0;0;
25.10.2025;04:20:56;11,5;11,4;0;29,1;8,0;16,1;8,0;0;0;0,0;8;49,7;49,7;26,0;0;8200;14,2;58,1;8,0;60,0;0;57,2;8,0;8,0;0,00;0,00;0;0;47,6;139,0;6000;0;99;-2147483648;0;0;0;0;0;0;0;0;0;0;0;29,1;49,7;1;0;0;110;0;0;0;0,0;5882;0;0;0;
25.10.2025;04:21:56;11,5;11,4;0;29,0;8,0;16,1;8,0;0;0;0,0;8;49,6;49,6;26,0;0;8200;14,3;58,1;8,0;60,0;0;57,1;8,0;8,0;0,00;0,00;0;0;47,6;139,0;6000;0;99;-2147483648;0;0;0;0;0;0;0;0;0;0;0;29,0;49,6;1;0;0;110;0;0;0;0,0;5882;0;0;0;
25.10.2025;04:22:56;11,5;11,5;0;29,0;8,0;16,2;8,0;0;0;0,0;8;49,7;49,7;26,0;0;8200;14,2;58,1;8,0;60,0;0;57,2;8,0;8,0;0,00;0,00;0;0;47,7;139,0;6000;0;99;-2147483648;0;0;0;0;0;0;0;0;0;0;0;29,1;49,7;1;0;0;110;0;0;0;0,0;5882;0;0;0;
25.10.2025;04:23:56;11,5;11,5;0;29,1;8,0;16,2;8,0;0;0;0,0;8;49,8;49,8;26,0;0;8200;14,2;58,0;8,0;60,0;0;57,1;8,0;8,0;0,00;0,00;0;0;48,0;139,0;6000;0;99;-2147483648;0;0;0;0;0;0;0;0;0;0;0;29,1;49,8;1;0;0;110;0;0;0;0,0;5882;0;0;0;
25.10.2025;04:24:56;11,5;11,4;0;29,0;8,0;16,2;8,0;0;0;0,0;8;49,6;49,6;26,0;0;8200;14,1;58,0;8,0;60,0;0;56,9;8,0;8,0;0,00;0,00;0;0;47,6;139,0;6000;0;99;-2147483648;0;0;0;0;0;0;0;0;0;0;0;29,0;49,6;1;0;0;110;0;0;0;0,0;5882;0;0;0;
25.10.2025;04:25:56;11,5;11,5;0;29,1;8,0;16,2;8,0;0;0;0,0;8;49,7;49,7;26,0;0;8200;14,3;57,9;8,0;60,0;0;56,9;8,0;8,0;0,00;0,00;0;0;47,7;139,0;6000;0;99;-2147483648;0;0;0;0;0;0;0;0;0;0;0;29,1;49,7;1;0;0;110;0;0;0;0,0;5882;0;0;0;
25.10.2025;04:26:56;11,5;11,5;0;29,0;8,0;16,2;8,0;0;0;0,0;8;49,7;49,7;26,0;0;8200;14,2;57,9;8,0;60,0;0;56,8;8,0;8,0;0,00;0,00;0;0;47,8;139,0;6000;0;99;-2147483648;0;0;0;0;0;0;0;0;0;0;0;29,0;49,7;1;0;0;110;0;0;0;0,0;5882;0;0;0;
25.10.2025;04:27:56;11,5;11,5;0;29,0;8,0;16,1;8,0;0;0;0,0;8;49,6;49,6;26,0;0;8200;14,0;57,9;8,0;60,0;0;56,8;8,0;8,0;0,00;0,00;0;0;47,6;139,0;6000;0;99;-2147483648;0;0;0;0;0;0;0;0;0;0;0;29,0;49,6;1;0;0;110;0;0;0;0,0;5882;0;0;0;
25.10.2025;04:28:56;11,5;11,5;0;29,0;8,0;16,1;8,0;0;0;0,0;8;49,7;49,7;26,0;0;8200;14,3;57,9;8,0;60,0;0;56,8;8,0;8,0;0,00;0,00;0;0;47,6;139,0;6000;0;99;-2147483648;0;0;0;0;0;0;0;0;0;0;0;29,0;49,7;1;0;0;110;0;0;0;0,0;5882;0;0;0;
25.10.2025;04:29:56;11,5;11,4;0;29,0;8,0;16,2;8,0;0;0;0,0;8;49,6;49,6;26,0;0;8200;14,1;57,9;8,0;60,0;0;56,8;8,0;8,0;0,00;0,00;0;0;47,6;139,0;6000;0;99;-2147483648;0;0;0;0;0;0;0;0;0;0;0;29,0;49,6;1;0;0;110;0;0;0;0,0;5882;0;0;0;
25.10.2025;04:30:56;11,5;11,5;0;29,0;8,0;16,2;8,0;0;0;0,0;8;49,7;49,7;26,0;0;8200;14,2;57,8;8,0;60,0;0;56,7;8,0;8,0;0,00;0,00;0;0;47,6;139,0;6000;0;99;-2147483648;0;0;0;0;0;0;0;0;0;0;0;29,0;49,6;1;0;0;110;0;0;0;0,0;5882;0;0;0;
25.10.2025;04:31:56;11,5;11,4;0;29,0;8,0;16,2;8,0;0;0;0,0;8;49,6;49,6;26,0;0;8200;14,2;57,8;8,0;60,0;0;56,8;8,0;8,0;0,00;0,00;0;0;47,6;139,0;6000;0;99;-2147483648;0;0;0;0;0;0;0;0;0;0;0;29,0;49,6;1;0;0;110;0;0;0;0,0;5882;0;0;0;
25.10.2025;04:32:56;11,5;11,4;0;28,9;8,0;16,2;8,0;0;0;0,0;8;49,6;49,6;26,0;0;8200;14,2;57,8;8,0;60,0;0;56,8;8,0;8,0;0,00;0,00;0;0;47,5;139,0;6000;0;99;-2147483648;0;0;0;0;0;0;0;0;0;0;0;28,9;49,6;1;0;0;110;0;0;0;0,0;5882;0;0;0;
25.10.2025;04:33:56;11,5;11,4;0;28,9;8,0;16,2;8,0;0;0;0,0;8;49,6;49,6;26,0;0;8200;14,3;57,8;8,0;60,0;0;56,7;8,0;8,0;0,00;0,00;0;0;47,8;139,0;6000;0;99;-2147483648;0;0;0;0;0;0;0;0;0;0;0;28,9;49,6;1;0;0;110;0;0;0;0,0;5882;0;0;0;
25.10.2025;04:34:56;11,5;11,4;0;28,9;8,0;16,1;8,0;0;0;0,0;8;49,6;49,6;26,0;0;8200;14,4;57,7;8,0;60,0;0;56,6;8,0;8,0;0,00;0,00;0;0;47,6;139,0;6000;0;99;-2147483648;0;0;0;0;0;0;0;0;0;0;0;28,9;49,6;1;0;0;110;0;0;0;0,0;5882;0;0;0;
25.10.2025;04:35:56;11,5;11,5;0;29,0;8,0;16,2;8,0;0;0;0,0;8;49,6;49,6;26,0;0;8200;14,1;57,7;8,0;60,0;0;56,7;8,0;8,0;0,00;0,00;0;0;47,6;139,0;6000;0;99;-2147483648;0;0;0;0;0;0;0;0;0;0;0;29,0;49,6;1;0;0;110;0;0;0;0,0;5882;0;0;0;
25.10.2025;04:36:56;11,5;11,4;0;28,9;8,0;16,2;8,0;0;0;0,0;8;49,6;49,6;26,0;0;8200;14,1;57,7;8,0;60,0;0;56,6;8,0;8,0;0,00;0,00;0;0;47,5;139,0;6000;0;99;-2147483648;0;0;0;0;0;0;0;0;0;0;0;28,9;49,6;1;0;0;110;0;0;0;0,0;5882;0;0;0;
25.10.2025;04:37:56;11,5;11,4;0;28,9;8,0;16,2;8,0;0;0;0,0;8;49,6;49,6;26,0;0;8200;14,5;57,6;8,0;60,0;0;56,5;8,0;8,0;0,00;0,00;0;0;47,6;139,0;6000;0;99;-2147483648;0;0;0;0;0;0;0;0;0;0;0;28,9;49,6;1;0;0;110;0;0;0;0,0;5882;0;0;0;
25.10.2025;04:38:56;11,4;11,4;0;28,9;8,0;16,2;8,0;0;0;0,0;8;49,5;49,5;26,0;0;8200;14,3;57,6;8,0;60,0;0;56,5;8,0;8,0;0,00;0,00;0;0;47,5;139,0;6000;0;99;-2147483648;0;0;0;0;0;0;0;0;0;0;0;28,9;49,5;1;0;0;110;0;0;0;0,0;5882;0;0;0;
25.10.2025;04:39:56;11,4;11,5;0;28,9;8,0;16,2;8,0;0;0;0,0;8;49,6;49,6;26,0;0;8200;14,2;57,6;8,0;60,0;0;56,5;8,0;8,0;0,00;0,00;0;0;47,5;139,0;6000;0;99;-2147483648;0;0;0;0;0;0;0;0;0;0;0;28,9;49,6;1;0;0;110;0;0;0;0,0;5882;0;0;0;
25.10.2025;04:40:56;11,4;11,4;0;28,9;8,0;16,2;8,0;0;0;0,0;8;49,5;49,5;26,0;0;8200;14,1;57,6;8,0;60,0;0;56,5;8,0;8,0;0,00;0,00;0;0;47,6;139,0;6000;0;99;-2147483648;0;0;0;0;0;0;0;0;0;0;0;28,9;49,5;1;0;0;110;0;0;0;0,0;5882;0;0;0;
25.10.2025;04:41:56;11,4;11,4;0;28,9;8,0;16,3;8,0;0;0;0,0;8;49,5;49,5;26,0;0;8200;14,3;57,5;8,0;60,0;0;56,4;8,0;8,0;0,00;0,00;0;0;47,6;139,0;6000;0;99;-2147483648;0;0;0;0;0;0;0;0;0;0;0;28,9;49,5;1;0;0;110;0;0;0;0,0;5882;0;0;0;
25.10.2025;04:42:56;11,4;11,4;0;28,9;8,0;16,3;8,0;0;0;0,0;8;49,5;49,5;26,0;0;8200;14,2;57,5;8,0;60,0;0;56,4;8,0;8,0;0,00;0,00;0;0;47,6;139,0;6000;0;99;-2147483648;0;0;0;0;0;0;0;0;0;0;0;28,9;49,5;1;0;0;110;0;0;0;0,0;5882;0;0;0;
25.10.2025;04:43:56;11,4;11,5;0;28,9;8,0;16,3;8,0;0;0;0,0;8;49,5;49,5;26,0;0;8200;14,2;57,5;8,0;60,0;0;56,3;8,0;8,0;0,00;0,00;0;0;47,9;139,0;6000;0;99;-2147483648;0;0;0;0;0;0;0;0;0;0;0;28,9;49,5;1;0;0;110;0;0;0;0,0;5882;0;0;0;
25.10.2025;04:44:56;11,4;11,5;0;28,9;8,0;16,3;8,0;0;0;0,0;8;49,5;49,5;26,0;0;8200;14,1;57,4;8,0;60,0;0;56,2;8,0;8,0;0,00;0,00;0;0;47,5;139,0;6000;0;99;-2147483648;0;0;0;0;0;0;0;0;0;0;0;28,9;49,5;1;0;0;110;0;0;0;0,0;5882;0;0;0;
25.10.2025;04:45:56;11,4;11,5;0;28,9;8,0;16,2;8,0;0;0;0,0;8;49,5;49,5;26,0;0;8200;14,0;57,4;8,0;60,0;0;56,2;8,0;8,0;0,00;0,00;0;0;47,6;139,0;6000;0;99;-2147483648;0;0;0;0;0;0;0;0;0;0;0;28,9;49,5;1;0;0;110;0;0;0;0,0;5882;0;0;0;
25.10.2025;04:46:56;11,4;11,5;0;28,8;8,0;16,1;8,0;0;0;0,0;8;49,5;49,5;26,0;0;8200;14,0;57,4;8,0;60,0;0;56,2;8,0;8,0;0,00;0,00;0;0;47,5;139,0;6000;0;99;-2147483648;0;0;0;0;0;0;0;0;0;0;0;28,8;49,5;1;0;0;110;0;0;0;0,0;5882;0;0;0;
25.10.2025;04:47:56;11,4;11,4;0;28,8;8,0;16,1;8,0;0;0;0,0;8;49,4;49,4;26,0;0;8200;14,1;57,4;8,0;60,0;0;56,2;8,0;8,0;0,00;0,00;0;0;47,5;139,0;6000;0;99;-2147483648;0;0;0;0;0;0;0;0;0;0;0;28,8;49,4;1;0;0;110;0;0;0;0,0;5882;0;0;0;
25.10.2025;04:48:56;11,4;11,4;0;28,8;8,0;16,1;8,0;0;0;0,0;8;49,4;49,4;26,0;0;8200;14,3;57,4;8,0;60,0;0;56,2;8,0;8,0;0,00;0,00;0;0;47,5;139,0;6000;0;99;-2147483648;0;0;0;0;0;0;0;0;0;0;0;28,8;49,4;1;0;0;110;0;0;0;0,0;5882;0;0;0;
25.10.2025;04:49:56;11,4;11,5;0;28,8;8,0;16,0;8,0;0;0;0,0;8;49,4;49,4;26,0;0;8200;14,2;57,4;8,0;60,0;0;56,2;8,0;8,0;0,00;0,00;0;0;47,6;139,0;6000;0;99;-2147483648;0;0;0;0;0;0;0;0;0;0;0;28,8;49,4;1;0;0;110;0;0;0;0,0;5882;0;0;0;
25.10.2025;04:50:56;11,4;11,5;0;28,8;8,0;16,1;8,0;0;0;0,0;8;49,4;49,4;26,0;0;8200;14,0;57,3;8,0;60,0;0;56,2;8,0;8,0;0,00;0,00;0;0;47,6;139,0;6000;0;99;-2147483648;0;0;0;0;0;0;0;0;0;0;0;28,8;49,4;1;0;0;110;0;0;0;0,0;5882;0;0;0;
25.10.2025;04:51:56;11,4;11,4;0;28,8;8,0;16,1;8,0;0;0;0,0;8;49,4;49,4;26,0;0;8200;14,1;57,3;8,0;60,0;0;56,3;8,0;8,0;0,00;0,00;0;0;47,5;139,0;6000;0;99;-2147483648;0;0;0;0;0;0;0;0;0;0;0;28,8;49,4;1;0;0;110;0;0;0;0,0;5882;0;0;0;
25.10.2025;04:52:56;11,4;11,4;0;28,8;8,0;16,1;8,0;0;0;0,0;8;49,4;49,4;26,0;0;8200;14,1;57,3;8,0;60,0;0;56,2;8,0;8,0;0,00;0,00;0;0;47,4;139,0;6000;0;99;-2147483648;0;0;0;0;0;0;0;0;0;0;0;28,8;49,4;1;0;0;110;0;0;0;0,0;5882;0;0;0;
25.10.2025;04:53:56;11,4;11,4;0;28,8;8,0;16,1;8,0;0;0;0,0;8;49,4;49,4;26,0;0;8200;14,2;57,2;8,0;60,0;0;56,3;8,0;8,0;0,00;0,00;0;0;47,5;139,0;6000;0;99;-2147483648;0;0;0;0;0;0;0;0;0;0;0;28,8;49,4;1;0;0;110;0;0;0;0,0;5882;0;0;0;
25.10.2025;04:54:56;11,4;11,4;0;28,8;8,0;16,1;8,0;0;0;0,0;8;49,4;49,4;26,0;0;8200;14,2;57,2;8,0;60,0;0;56,3;8,0;8,0;0,00;0,00;0;0;47,5;139,0;6000;0;99;-2147483648;0;0;0;0;0;0;0;0;0;0;0;28,8;49,4;1;0;0;110;0;0;0;0,0;5882;0;0;0;
25.10.2025;04:55:56;11,4;11,4;0;28,8;8,0;16,1;8,0;0;0;0,0;8;49,4;49,4;26,0;0;8200;14,0;57,2;8,0;60,0;0;56,3;8,0;8,0;0,00;0,00;0;0;47,5;139,0;6000;0;99;-2147483648;0;0;0;0;0;0;0;0;0;0;0;28,8;49,4;1;0;0;110;0;0;0;0,0;5882;0;0;0;
25.10.2025;04:56:56;11,4;11,5;0;28,8;8,0;16,1;8,0;0;0;0,0;8;49,4;49,4;26,0;0;8200;14,2;57,2;8,0;60,0;0;56,2;8,0;8,0;0,00;0,00;0;0;47,5;139,0;6000;0;99;-2147483648;0;0;0;0;0;0;0;0;0;0;0;28,8;49,4;1;0;0;110;0;0;0;0,0;5882;0;0;0;
25.10.2025;04:57:56;11,4;11,4;0;28,7;8,0;16,1;8,0;0;0;0,0;8;49,3;49,3;26,0;0;8200;14,0;57,2;8,0;60,0;0;56,2;8,0;8,0;0,00;0,00;0;0;47,6;139,0;6000;0;99;-2147483648;0;0;0;0;0;0;0;0;0;0;0;28,7;49,3;1;0;0;110;0;0;0;0,0;5882;0;0;0;
25.10.2025;04:58:56;11,4;11,4;0;28,7;8,0;16,1;8,0;0;0;0,0;8;49,3;49,3;26,0;0;8200;14,1;57,1;8,0;60,0;0;56,1;8,0;8,0;0,00;0,00;0;0;47,5;139,0;6000;0;99;-2147483648;0;0;0;0;0;0;0;0;0;0;0;28,7;49,3;1;0;0;110;0;0;0;0,0;5882;0;0;0;
25.10.2025;04:59:56;11,4;11,4;0;28,7;8,0;16,1;8,0;0;0;0,0;8;49,3;49,3;26,0;0;8200;14,1;57,1;8,0;60,0;0;56,0;8,0;8,0;0,00;0,00;0;0;47,5;139,0;6000;0;99;-2147483648;0;0;0;0;0;0;0;0;0;0;0;28,7;49,3;1;0;0;110;0;0;0;0,0;5882;0;0;0;
25.10.2025;05:00:56;11,4;11,4;0;28,7;8,0;16,0;8,0;0;0;0,0;8;49,3;49,3;26,0;0;8200;14,1;57,1;8,0;60,0;0;56,0;8,0;8,0;0,00;0,00;0;0;47,5;139,0;6000;0;99;-2147483648;0;0;0;0;0;0;0;0;0;0;0;28,7;49,3;1;0;0;110;0;0;0;0,0;5882;0;0;0;
25.10.2025;05:01:56;11,4;11,4;0;28,7;8,0;16,1;8,0;0;0;0,0;8;49,3;49,3;26,0;0;8200;14,1;57,0;8,0;60,0;0;56,0;8,0;8,0;0,00;0,00;0;0;47,6;139,0;6000;0;99;-2147483648;0;0;0;0;0;0;0;0;0;0;0;28,7;49,3;1;0;0;110;0;0;0;0,0;5882;0;0;0;
25.10.2025;05:02:56;11,4;11,4;0;28,7;8,0;16,1;8,0;0;0;0,0;8;49,3;49,3;26,0;0;8200;14,2;57,0;8,0;60,0;0;55,9;8,0;8,0;0,00;0,00;0;0;47,5;139,0;6000;0;99;-2147483648;0;0;0;0;0;0;0;0;0;0;0;28,7;49,3;1;0;0;110;0;0;0;0,0;5882;0;0;0;
25.10.2025;05:03:56;11,4;11,4;0;28,7;8,0;16,2;8,0;0;0;0,0;8;49,3;49,3;26,0;0;8200;14,0;57,0;8,0;60,0;0;55,9;8,0;8,0;0,00;0,00;0;0;47,5;139,0;6000;0;99;-2147483648;0;0;0;0;0;0;0;0;0;0;0;28,7;49,3;1;0;0;110;0;0;0;0,0;5882;0;0;0;
25.10.2025;05:04:56;11,4;11,4;0;28,7;8,0;16,2;8,0;0;0;0,0;8;49,2;49,2;26,0;0;8200;14,3;56,9;8,0;60,0;0;55,9;8,0;8,0;0,00;0,00;0;0;47,5;139,0;6000;0;99;-2147483648;0;0;0;0;0;0;0;0;0;0;0;28,7;49,2;1;0;0;110;0;0;0;0,0;5882;0;0;0;
25.10.2025;05:05:56;11,4;11,4;0;28,7;8,0;16,2;8,0;0;0;0,0;8;49,2;49,2;26,0;0;8200;14,1;56,9;8,0;60,0;0;55,9;8,0;8,0;0,00;0,00;0;0;47,6;139,0;6000;0;99;-2147483648;0;0;0;0;0;0;0;0;0;0;0;28,7;49,2;1;0;0;110;0;0;0;0,0;5882;0;0;0;
25.10.2025;05:06:56;11,4;11,4;0;28,6;8,0;16,1;8,0;0;0;0,0;8;49,2;49,2;26,0;0;8200;14,0;56,9;8,0;60,0;0;55,8;8,0;8,0;0,00;0,00;0;0;47,5;139,0;6000;0;99;-2147483648;0;0;0;0;0;0;0;0;0;0;0;28,6;49,2;1;0;0;110;0;0;0;0,0;5882;0;0;0;
25.10.2025;05:07:56;11,4;11,4;0;28,6;8,0;16,2;8,0;0;0;0,0;8;49,2;49,2;26,0;0;8200;14,2;56,9;8,0;60,0;0;55,7;8,0;8,0;0,00;0,00;0;0;47,5;139,0;6000;0;99;-2147483648;0;0;0;0;0;0;0;0;0;0;0;28,6;49,2;1;0;0;110;0;0;0;0,0;5882;0;0;0;
25.10.2025;05:08:56;11,4;11,4;0;28,6;8,0;16,1;8,0;0;0;0,0;8;49,2;49,2;26,0;0;8200;14,3;56,9;8,0;60,0;0;55,8;8,0;8,0;0,00;0,00;0;0;47,5;139,0;6000;0;99;-2147483648;0;0;0;0;0;0;0;0;0;0;0;28,6;49,2;1;0;0;110;0;0;0;0,0;5882;0;0;0;
25.10.2025;05:09:56;11,4;11,4;0;28,6;8,0;16,1;8,0;0;0;0,0;8;49,2;49,2;26,0;0;8200;14,1;56,8;8,0;60,0;0;55,8;8,0;8,0;0,00;0,00;0;0;47,5;139,0;6000;0;99;-2147483648;0;0;0;0;0;0;0;0;0;0;0;28,6;49,2;1;0;0;110;0;0;0;0,0;5882;0;0;0;
25.10.2025;05:10:56;11,4;11,4;0;28,6;8,0;16,2;8,0;0;0;0,0;8;49,2;49,2;26,0;0;8200;14,1;56,8;8,0;60,0;0;55,8;8,0;8,0;0,00;0,00;0;0;47,6;139,0;6000;0;99;-2147483648;0;0;0;0;0;0;0;0;0;0;0;28,6;49,2;1;0;0;110;0;0;0;0,0;5882;0;0;0;
25.10.2025;05:11:56;11,4;11,4;0;28,6;8,0;16,1;8,0;0;0;0,0;8;49,2;49,2;26,0;0;8200;14,5;56,7;8,0;60,0;0;55,8;8,0;8,0;0,00;0,00;0;0;47,5;139,0;6000;0;99;-2147483648;0;0;0;0;0;0;0;0;0;0;0;28,6;49,2;1;0;0;110;0;0;0;0,0;5882;0;0;0;
25.10.2025;05:12:56;11,4;11,4;0;28,6;8,0;16,1;8,0;0;0;0,0;8;49,2;49,2;26,0;0;8200;14,1;56,7;8,0;60,0;0;55,7;8,0;8,0;0,00;0,00;0;0;47,5;139,0;6000;0;99;-2147483648;0;0;0;0;0;0;0;0;0;0;0;28,6;49,2;1;0;0;110;0;0;0;0,0;5882;0;0;0;
25.10.2025;05:13:56;11,4;11,4;0;28,6;8,0;16,1;8,0;0;0;0,0;8;49,1;49,1;26,0;0;8200;14,1;56,7;8,0;60,0;0;55,6;8,0;8,0;0,00;0,00;0;0;47,6;139,0;6000;0;99;-2147483648;0;0;0;0;0;0;0;0;0;0;0;28,6;49,1;1;0;0;110;0;0;0;0,0;5882;0;0;0;
25.10.2025;05:14:56;11,4;11,4;0;28,6;8,0;16,1;8,0;0;0;0,0;8;49,1;49,1;26,0;0;8200;14,2;56,7;8,0;60,0;0;55,7;8,0;8,0;0,00;0,00;0;0;47,5;139,0;6000;0;99;-2147483648;0;0;0;0;0;0;0;0;0;0;0;28,6;49,1;1;0;0;110;0;0;0;0,0;5882;0;0;0;
25.10.2025;05:15:56;11,4;11,4;0;28,6;8,0;16,0;8,0;0;0;0,0;8;49,1;49,1;26,0;0;8200;14,1;56,6;8,0;60,0;0;55,7;8,0;8,0;0,00;0,00;0;0;47,5;139,0;6000;0;99;-2147483648;0;0;0;0;0;0;0;0;0;0;0;28,6;49,1;1;0;0;110;0;0;0;0,0;5882;0;0;0;
25.10.2025;05:16:56;11,4;11,4;0;28,6;8,0;16,1;8,0;0;0;0,0;8;49,1;49,1;26,0;0;8200;14,3;56,6;8,0;60,0;0;55,6;8,0;8,0;0,00;0,00;0;0;47,4;139,0;6000;0;99;-2147483648;0;0;0;0;0;0;0;0;0;0;0;28,6;49,1;1;0;0;110;0;0;0;0,0;5882;0;0;0;
25.10.2025;05:17:56;11,4;11,4;0;28,6;8,0;16,1;8,0;0;0;0,0;8;49,1;49,1;26,0;0;8200;14,1;56,6;8,0;60,0;0;55,6;8,0;8,0;0,00;0,00;0;0;47,5;139,0;6000;0;99;-2147483648;0;0;0;0;0;0;0;0;0;0;0;28,6;49,1;1;0;0;110;0;0;0;0,0;5882;0;0;0;
25.10.2025;05:18:56;11,4;11,4;0;28,6;8,0;16,0;8,0;0;0;0,0;8;49,1;49,1;26,0;0;8200;14,1;56,5;8,0;60,0;0;55,6;8,0;8,0;0,00;0,00;0;0;47,5;139,0;6000;0;99;-2147483648;0;0;0;0;0;0;0;0;0;0;0;28,6;49,1;1;0;0;110;0;0;0;0,0;5882;0;0;0;
25.10.2025;05:19:56;11,4;11,4;0;28,5;8,0;16,1;8,0;0;0;0,0;8;49,1;49,1;26,0;0;8200;14,2;56,5;8,0;60,0;0;55,5;8,0;8,0;0,00;0,00;0;0;47,6;139,0;6000;0;99;-2147483648;0;0;0;0;0;0;0;0;0;0;0;28,5;49,1;1;0;0;110;0;0;0;0,0;5882;0;0;0;
25.10.2025;05:20:56;11,4;11,4;0;28,5;8,0;16,1;8,0;0;0;0,0;8;49,1;49,1;26,0;0;8200;14,1;56,5;8,0;60,0;0;55,5;8,0;8,0;0,00;0,00;0;0;47,6;139,0;6000;0;99;-2147483648;0;0;0;0;0;0;0;0;0;0;0;28,5;49,1;1;0;0;110;0;0;0;0,0;5882;0;0;0;
25.10.2025;05:21:56;11,4;11,4;0;28,5;8,0;16,1;8,0;0;0;0,0;8;49,1;49,1;26,0;0;8200;14,1;56,5;8,0;60,0;0;55,4;8,0;8,0;0,00;0,00;0;0;47,5;139,0;6000;0;99;-2147483648;0;0;0;0;0;0;0;0;0;0;0;28,5;49,1;1;0;0;110;0;0;0;0,0;5882;0;0;0;
25.10.2025;05:22:56;11,4;11,4;0;28,5;8,0;16,1;8,0;0;0;0,0;8;49,1;49,1;26,0;0;8200;14,2;56,5;8,0;60,0;0;55,4;8,0;8,0;0,00;0,00;0;0;47,6;139,0;6000;0;99;-2147483648;0;0;0;0;0;0;0;0;0;0;0;28,5;49,1;1;0;0;110;0;0;0;0,0;5882;0;0;0;
25.10.2025;05:23:56;11,4;11,4;0;28,5;8,0;16,2;8,0;0;0;0,0;8;49,0;49,0;26,0;0;8200;14,1;56,5;8,0;60,0;0;55,4;8,0;8,0;0,00;0,00;0;0;47,6;139,0;6000;0;99;-2147483648;0;0;0;0;0;0;0;0;0;0;0;28,5;49,0;1;0;0;110;0;0;0;0,0;5882;0;0;0;
25.10.2025;05:24:56;11,4;11,4;0;28,5;8,0;16,1;8,0;0;0;0,0;8;49,0;49,0;26,0;0;8200;14,1;56,4;8,0;60,0;0;55,3;8,0;8,0;0,00;0,00;0;0;47,4;139,0;6000;0;99;-2147483648;0;0;0;0;0;0;0;0;0;0;0;28,5;49,0;1;0;0;110;0;0;0;0,0;5882;0;0;0;
25.10.2025;05:25:56;11,4;11,4;0;28,5;8,0;16,1;8,0;0;0;0,0;8;49,0;49,0;26,0;0;8200;14,1;56,4;8,0;60,0;0;55,3;8,0;8,0;0,00;0,00;0;0;47,5;139,0;6000;0;99;-2147483648;0;0;0;0;0;0;0;0;0;0;0;28,5;49,0;1;0;0;110;0;0;0;0,0;5882;0;0;0;
25.10.2025;05:26:56;11,4;11,4;0;28,5;8,0;16,1;8,0;0;0;0,0;8;49,0;49,0;26,0;0;8200;14,1;56,4;8,0;60,0;0;55,4;8,0;8,0;0,00;0,00;0;0;47,5;139,0;6000;0;99;-2147483648;0;0;0;0;0;0;0;0;0;0;0;28,5;49,0;1;0;0;110;0;0;0;0,0;5882;0;0;0;
25.10.2025;05:27:56;11,4;11,4;0;28,5;8,0;16,1;8,0;0;0;0,0;8;49,0;49,0;26,0;0;8200;14,1;56,4;8,0;60,0;0;55,3;8,0;8,0;0,00;0,00;0;0;47,5;139,0;6000;0;99;-2147483648;0;0;0;0;0;0;0;0;0;0;0;28,5;49,0;1;0;0;110;0;0;0;0,0;5882;0;0;0;
25.10.2025;05:28:56;11,4;11,4;0;28,5;8,0;16,2;8,0;0;0;0,0;8;49,0;49,0;26,0;0;8200;14,2;56,3;8,0;60,0;0;55,4;8,0;8,0;0,00;0,00;0;0;47,5;139,0;6000;0;99;-2147483648;0;0;0;0;0;0;0;0;0;0;0;28,5;49,0;1;0;0;110;0;0;0;0,0;5882;0;0;0;
25.10.2025;05:29:56;11,4;11,4;0;28,5;8,0;16,2;8,0;0;0;0,0;8;49,0;49,0;26,0;0;8200;14,2;56,3;8,0;60,0;0;55,3;8,0;8,0;0,00;0,00;0;0;47,5;139,0;6000;0;99;-2147483648;0;0;0;0;0;0;0;0;0;0;0;28,5;49,0;1;0;0;110;0;0;0;0,0;5882;0;0;0;
25.10.2025;05:30:56;11,4;11,4;0;28,4;8,0;16,2;8,0;0;0;0,0;8;49,0;49,0;26,0;0;8200;14,0;56,3;8,0;60,0;0;55,3;8,0;8,0;0,00;0,00;0;0;47,4;139,0;6000;0;99;-2147483648;0;0;0;0;0;0;0;0;0;0;0;28,4;49,0;1;0;0;110;0;0;0;0,0;5882;0;0;0;
25.10.2025;05:31:56;11,4;11,4;0;28,5;8,0;16,2;8,0;0;0;0,0;8;49,0;49,0;26,0;0;8200;14,2;56,3;8,0;60,0;0;55,3;8,0;8,0;0,00;0,00;0;0;47,5;139,0;6000;0;99;-2147483648;0;0;0;0;0;0;0;0;0;0;0;28,5;49,0;1;0;0;110;0;0;0;0,0;5882;0;0;0;
25.10.2025;05:32:56;11,4;11,4;0;28,5;8,0;16,1;8,0;0;0;0,0;8;49,0;49,0;26,0;0;8200;14,1;56,2;8,0;60,0;0;55,2;8,0;8,0;0,00;0,00;0;0;47,5;139,0;6000;0;99;-2147483648;0;0;0;0;0;0;0;0;0;0;0;28,5;49,0;1;0;0;110;0;0;0;0,0;5882;0;0;0;
25.10.2025;05:33:56;11,4;11,4;0;28,5;8,0;16,1;8,0;0;0;0,0;8;49,0;49,0;26,0;0;8200;14,1;56,2;8,0;60,0;0;55,1;8,0;8,0;0,00;0,00;0;0;47,7;139,0;6000;0;99;-2147483648;0;0;0;0;0;0;0;0;0;0;0;28,5;49,0;1;0;0;110;0;0;0;0,0;5882;0;0;0;
25.10.2025;05:34:56;11,4;11,4;0;28,4;8,0;16,0;8,0;0;0;0,0;8;49,0;49,0;26,0;0;8200;14,1;56,2;8,0;60,0;0;55,1;8,0;8,0;0,00;0,00;0;0;47,5;139,0;6000;0;99;-2147483648;0;0;0;0;0;0;0;0;0;0;0;28,4;49,0;1;0;0;110;0;0;0;0,0;5882;0;0;0;
25.10.2025;05:35:56;11,4;11,4;0;28,4;8,0;16,1;8,0;0;0;0,0;8;48,9;48,9;26,0;0;8200;14,2;56,1;8,0;60,0;0;55,1;8,0;8,0;0,00;0,00;0;0;47,3;139,0;6000;0;99;-2147483648;0;0;0;0;0;0;0;0;0;0;0;28,4;48,9;1;0;0;110;0;0;0;0,0;5882;0;0;0;
25.10.2025;05:36:56;11,4;11,4;0;28,4;8,0;16,1;8,0;0;0;0,0;8;48,9;48,9;26,0;0;8200;14,3;56,1;8,0;60,0;0;55,1;8,0;8,0;0,00;0,00;0;0;47,5;139,0;6000;0;99;-2147483648;0;0;0;0;0;0;0;0;0;0;0;28,4;48,9;1;0;0;110;0;0;0;0,0;5882;0;0;0;
25.10.2025;05:37:56;11,4;11,4;0;28,4;8,0;16,1;8,0;0;0;0,0;8;48,9;48,9;26,0;0;8200;14,1;56,1;8,0;60,0;0;55,1;8,0;8,0;0,00;0,00;0;0;47,6;139,0;6000;0;99;-2147483648;0;0;0;0;0;0;0;0;0;0;0;28,4;48,9;1;0;0;110;0;0;0;0,0;5882;0;0;0;
25.10.2025;05:38:56;11,4;11,4;0;28,4;8,0;16,1;8,0;0;0;0,0;8;48,9;48,9;26,0;0;8200;14,0;56,1;8,0;60,0;0;55,0;8,0;8,0;0,00;0,00;0;0;47,6;139,0;6000;0;99;-2147483648;0;0;0;0;0;0;0;0;0;0;0;28,4;48,9;1;0;0;110;0;0;0;0,0;5882;0;0;0;
25.10.2025;05:39:56;11,4;11,4;0;28,4;8,0;16,1;8,0;0;0;0,0;8;48,9;48,9;26,0;0;8200;14,2;56,0;8,0;60,0;0;55,1;8,0;8,0;0,00;0,00;0;0;47,5;139,0;6000;0;99;-2147483648;0;0;0;0;0;0;0;0;0;0;0;28,4;48,9;1;0;0;110;0;0;0;0,0;5882;0;0;0;
25.10.2025;05:40:56;11,4;11,4;0;28,4;8,0;16,1;8,0;0;0;0,0;8;48,9;48,9;26,0;0;8200;14,1;56,0;8,0;60,0;0;55,0;8,0;8,0;0,00;0,00;0;0;47,5;139,0;6000;0;99;-2147483648;0;0;0;0;0;0;0;0;0;0;0;28,4;48,9;1;0;0;110;0;0;0;0,0;5882;0;0;0;
25.10.2025;05:41:56;11,4;11,4;0;28,4;8,0;16,0;8,0;0;0;0,0;8;48,9;48,9;26,0;0;8200;14,2;56,0;8,0;60,0;0;55,0;8,0;8,0;0,00;0,00;0;0;47,4;139,0;6000;0;99;-2147483648;0;0;0;0;0;0;0;0;0;0;0;28,4;48,9;1;0;0;110;0;0;0;0,0;5882;0;0;0;
25.10.2025;05:42:56;11,4;11,4;0;28,4;8,0;16,0;8,0;0;0;0,0;8;48,9;48,9;26,0;0;8200;14,1;56,0;8,0;60,0;0;55,0;8,0;8,0;0,00;0,00;0;0;47,4;139,0;6000;0;99;-2147483648;0;0;0;0;0;0;0;0;0;0;0;28,4;48,9;1;0;0;110;0;0;0;0,0;5882;0;0;0;
25.10.2025;05:43:56;11,4;11,3;0;28,4;8,0;16,0;8,0;0;0;0,0;8;48,9;48,9;26,0;0;8200;14,1;56,0;8,0;60,0;0;55,0;8,0;8,0;0,00;0,00;0;0;47,6;139,0;6000;0;99;-2147483648;0;0;0;0;0;0;0;0;0;0;0;28,4;48,8;1;0;0;110;0;0;0;0,0;5882;0;0;0;
25.10.2025;05:44:56;11,4;11,4;0;28,4;8,0;16,1;8,0;0;0;0,0;8;48,8;48,8;26,0;0;8200;14,1;55,9;8,0;60,0;0;55,0;8,0;8,0;0,00;0,00;0;0;47,4;139,0;6000;0;99;-2147483648;0;0;0;0;0;0;0;0;0;0;0;28,4;48,8;1;0;0;110;0;0;0;0,0;5882;0;0;0;
25.10.2025;05:45:56;11,4;11,3;0;28,4;8,0;16,1;8,0;0;0;0,0;8;48,8;48,8;26,0;0;8200;14,0;55,9;8,0;60,0;0;55,0;8,0;8,0;0,00;0,00;0;0;47,5;139,0;6000;0;99;-2147483648;0;0;0;0;0;0;0;0;0;0;0;28,4;48,8;1;0;0;110;0;0;0;0,0;5882;0;0;0;
25.10.2025;05:46:56;11,4;11,4;0;28,4;8,0;16,1;8,0;0;0;0,0;8;48,8;48,8;26,0;0;8200;14,0;55,9;8,0;60,0;0;55,0;8,0;8,0;0,00;0,00;0;0;47,4;139,0;6000;0;99;-2147483648;0;0;0;0;0;0;0;0;0;0;0;28,4;48,8;1;0;0;110;0;0;0;0,0;5882;0;0;0;
25.10.2025;05:47:56;11,4;11,3;0;28,4;8,0;16,2;8,0;0;0;0,0;8;48,8;48,8;26,0;0;8200;14,1;55,9;8,0;60,0;0;55,0;8,0;8,0;0,00;0,00;0;0;47,4;139,0;6000;0;99;-2147483648;0;0;0;0;0;0;0;0;0;0;0;28,4;48,8;1;0;0;110;0;0;0;0,0;5882;0;0;0;
25.10.2025;05:48:56;11,4;11,3;0;28,4;8,0;16,2;8,0;0;0;0,0;8;48,8;48,8;26,0;0;8200;14,2;55,8;8,0;60,0;0;54,9;8,0;8,0;0,00;0,00;0;0;47,4;139,0;6000;0;99;-2147483648;0;0;0;0;0;0;0;0;0;0;0;28,4;48,8;1;0;0;110;0;0;0;0,0;5882;0;0;0;
25.10.2025;05:49:56;11,3;11,3;0;28,4;8,0;16,2;8,0;0;0;0,0;8;48,8;48,8;26,0;0;8200;14,1;55,8;8,0;60,0;0;54,9;8,0;8,0;0,00;0,00;0;0;47,4;139,0;6000;0;99;-2147483648;0;0;0;0;0;0;0;0;0;0;0;28,4;48,8;1;0;0;110;0;0;0;0,0;5882;0;0;0;
25.10.2025;05:50:56;11,3;11,4;0;28,3;8,0;16,1;8,0;0;0;0,0;8;48,8;48,8;26,0;0;8200;14,1;55,8;8,0;60,0;0;54,9;8,0;8,0;0,00;0,00;0;0;47,5;139,0;6000;0;99;-2147483648;0;0;0;0;0;0;0;0;0;0;0;28,3;48,8;1;0;0;110;0;0;0;0,0;5882;0;0;0;
25.10.2025;05:51:56;11,3;11,3;0;28,3;8,0;16,1;8,0;0;0;0,0;8;48,7;48,7;26,0;0;8200;14,0;55,8;8,0;60,0;0;54,9;8,0;8,0;0,00;0,00;0;0;47,5;139,0;6000;0;99;-2147483648;0;0;0;0;0;0;0;0;0;0;0;28,3;48,7;1;0;0;110;0;0;0;0,0;5882;0;0;0;
25.10.2025;05:52:56;11,3;11,3;0;28,3;8,0;16,0;8,0;0;0;0,0;8;48,8;48,8;26,0;0;8200;14,0;55,7;8,0;60,0;0;54,9;8,0;8,0;0,00;0,00;0;0;47,5;139,0;6000;0;99;-2147483648;0;0;0;0;0;0;0;0;0;0;0;28,3;48,8;1;0;0;110;0;0;0;0,0;5882;0;0;0;
25.10.2025;05:53:56;11,3;11,3;0;28,3;8,0;16,1;8,0;0;0;0,0;8;48,7;48,7;26,0;0;8200;14,3;55,7;8,0;60,0;0;54,9;8,0;8,0;0,00;0,00;0;0;47,3;139,0;6000;0;99;-2147483648;0;0;0;0;0;0;0;0;0;0;0;28,3;48,7;1;0;0;110;0;0;0;0,0;5882;0;0;0;
25.10.2025;05:54:56;11,3;11,3;0;28,3;8,0;16,0;8,0;0;0;0,0;8;48,8;48,8;26,0;0;8200;14,0;55,7;8,0;60,0;0;54,8;8,0;8,0;0,00;0,00;0;0;47,5;139,0;6000;0;99;-2147483648;0;0;0;0;0;0;0;0;0;0;0;28,3;48,8;1;0;0;110;0;0;0;0,0;5882;0;0;0;
25.10.2025;05:55:56;11,3;11,3;0;28,3;8,0;16,0;8,0;0;0;0,0;8;48,7;48,7;26,0;0;8200;14,1;55,6;8,0;60,0;0;54,8;8,0;8,0;0,00;0,00;0;0;47,5;139,0;6000;0;99;-2147483648;0;0;0;0;0;0;0;0;0;0;0;28,3;48,7;1;0;0;110;0;0;0;0,0;5882;0;0;0;
25.10.2025;05:56:56;11,3;11,3;0;28,3;8,0;16,0;8,0;0;0;0,0;8;48,7;48,7;26,0;0;8200;14,2;55,6;8,0;60,0;0;54,9;8,0;8,0;0,00;0,00;0;0;47,3;139,0;6000;0;99;-2147483648;0;0;0;0;0;0;0;0;0;0;0;28,3;48,7;1;0;0;110;0;0;0;0,0;5882;0;0;0;
25.10.2025;05:57:56;11,3;11,3;0;28,3;8,0;16,0;8,0;0;0;0,0;8;48,7;48,7;26,0;0;8200;14,1;55,6;8,0;60,0;0;54,8;8,0;8,0;0,00;0,00;0;0;47,5;139,0;6000;0;99;-2147483648;0;0;0;0;0;0;0;0;0;0;0;28,3;48,7;1;0;0;110;0;0;0;0,0;5882;0;0;0;
25.10.2025;05:58:56;11,3;11,3;0;28,3;8,0;16,0;8,0;0;0;0,0;8;48,7;48,7;26,0;0;8200;14,4;55,5;8,0;60,0;0;54,8;8,0;8,0;0,00;0,00;0;0;47,3;139,0;6000;0;99;-2147483648;0;0;0;0;0;0;0;0;0;0;0;28,3;48,7;1;0;0;110;0;0;0;0,0;5882;0;0;0;
25.10.2025;05:59:56;11,3;11,3;0;28,3;8,0;16,0;8,0;0;0;0,0;8;48,7;48,7;26,0;0;8200;14,0;55,5;8,0;60,0;0;54,7;8,0;8,0;0,00;0,00;0;0;47,4;139,0;6000;0;99;-2147483648;0;0;0;0;0;0;0;0;0;0;0;28,3;48,7;1;0;0;110;0;0;0;0,0;5882;0;0;0;
25.10.2025;06:00:56;11,3;11,3;0;28,2;8,0;16,0;8,0;0;0;0,0;8;48,6;48,6;26,0;0;8200;14,1;55,5;8,0;60,0;0;54,7;8,0;8,0;0,00;0,00;0;0;47,6;139,0;6000;0;99;-2147483648;0;0;0;0;0;0;0;0;0;0;0;28,2;48,6;1;0;0;110;0;0;0;0,0;5882;0;0;0;
25.10.2025;06:01:56;11,3;11,3;0;28,2;8,0;16,0;8,0;0;0;0,0;8;48,6;48,6;55,0;0;16656;14,0;55,5;70,0;60,0;0;54,3;120,0;120,0;70,00;30,00;60;42;139,1;125,0;6000;0;2;4;1;0;0;0;1;0;0;0;0;0;0;28,2;48,6;1;0;0;110;0;0;0;0,0;5882;0;0;0;
25.10.2025;06:02:56;11,3;11,3;0;28,2;8,0;16,0;8,0;0;0;0,0;8;48,6;48,6;55,0;0;16656;14,1;55,5;70,0;60,0;0;52,8;120,0;120,0;70,00;30,00;60;35;125,6;125,0;6000;0;2;4;1;0;0;0;1;0;0;0;0;0;0;28,2;48,6;1;0;0;109;0;0;0;0,0;5882;0;0;0;
25.10.2025;06:03:56;11,3;11,3;0;28,2;8,0;16,1;8,0;0;0;0,0;8;48,6;48,6;55,0;0;16656;14,0;55,4;70,0;60,0;0;52,0;120,0;120,0;0,00;0,00;60;36;125,0;125,0;6000;0;2;4;0;0;0;0;1;0;0;0;0;0;0;28,2;48,6;1;0;0;109;0;0;0;0,0;5882;0;0;0;
25.10.2025;06:04:56;11,3;11,3;0;28,2;8,0;16,1;8,0;0;0;0,0;8;48,6;48,6;55,0;0;16656;14,1;55,4;70,0;60,0;0;51,5;120,0;120,0;0,00;0,00;60;36;125,5;125,0;6000;0;2;4;0;0;0;0;1;0;0;0;0;0;0;28,2;48,6;1;0;0;109;0;0;0;0,0;5882;0;0;0;
25.10.2025;06:05:56;11,3;11,3;0;28,2;8,0;16,1;8,0;0;0;0,0;8;48,6;48,6;55,0;0;16656;14,1;55,4;70,0;60,0;0;51,3;120,0;120,0;0,00;0,00;60;36;124,9;125,0;6000;0;2;4;0;0;0;0;1;0;0;0;0;0;0;28,2;48,6;1;0;0;109;0;0;0;0,0;5882;0;0;0;
25.10.2025;06:06:56;11,3;11,3;0;28,2;8,0;16,1;8,0;0;0;0,0;8;48,6;48,6;55,0;0;16656;14,1;55,4;70,0;60,0;0;51,3;120,0;120,0;0,00;0,00;60;36;125,2;125,0;6000;0;2;4;0;0;0;0;1;0;0;0;0;0;0;28,2;48,6;1;0;0;109;0;0;0;0,0;5882;0;0;0;
25.10.2025;06:07:56;11,3;11,3;0;28,2;8,0;16,1;8,0;0;0;0,0;8;48,6;48,6;55,0;0;16656;14,1;55,3;70,0;60,0;0;51,5;120,0;120,0;0,00;0,00;60;37;124,9;125,0;6000;0;2;4;0;0;0;0;1;0;0;0;0;0;0;28,2;48,6;1;0;0;109;0;0;0;0,0;5882;0;0;0;
25.10.2025;06:08:56;11,3;11,2;0;28,2;8,0;16,0;8,0;0;0;0,0;8;48,5;48,5;55,0;0;16656;14,3;55,2;70,0;60,0;0;51,8;120,0;120,0;0,00;0,00;60;36;125,9;125,0;6000;0;2;4;0;0;0;0;1;0;0;0;0;0;0;28,2;48,5;1;0;0;109;0;0;0;0,0;5882;0;0;0;
25.10.2025;06:09:56;11,3;11,2;0;28,2;8,0;16,0;8,0;0;0;0,0;8;48,5;48,5;55,0;0;16656;14,0;55,2;70,0;60,0;0;52,0;120,0;120,0;0,00;0,00;60;36;125,9;125,0;6000;0;2;4;0;0;0;0;1;0;0;0;0;0;0;28,2;48,5;1;0;0;109;0;0;0;0,0;5882;0;0;0;
25.10.2025;06:10:56;11,3;11,2;0;28,2;8,0;16,1;8,0;0;0;0,0;8;48,5;48,5;55,0;0;16656;14,1;55,2;70,0;60,0;0;52,3;120,0;120,0;0,00;0,00;60;36;125,8;125,0;6000;0;2;4;0;0;0;0;1;0;0;0;0;0;0;28,2;48,5;1;0;0;109;0;0;0;0,0;5882;0;0;0;
25.10.2025;06:11:56;11,3;11,2;0;28,2;8,0;16,1;8,0;0;0;0,0;8;48,5;48,5;55,0;0;16656;14,0;55,1;70,0;60,0;0;52,4;120,0;120,0;0,00;0,00;60;36;126,3;125,0;6000;0;2;4;0;0;0;0;1;0;0;0;0;0;0;28,2;48,5;1;0;0;109;0;0;0;0,0;5882;0;0;0;
25.10.2025;06:12:56;11,3;11,2;0;28,2;8,0;16,1;8,0;0;0;0,0;8;48,5;48,5;55,0;0;16656;14,1;55,1;70,0;60,0;0;52,7;120,0;120,0;0,00;0,00;60;36;125,6;125,0;6000;0;2;4;0;0;0;0;1;0;0;0;0;0;0;28,2;48,5;1;0;0;109;0;0;0;0,0;5882;0;0;0;
25.10.2025;06:13:56;11,3;11,2;0;28,2;8,0;16,1;8,0;0;0;0,0;8;48,5;48,5;55,0;0;16656;14,1;55,1;70,0;60,0;0;53,1;120,0;120,0;0,00;0,00;60;36;125,7;125,0;6000;0;2;4;0;0;0;0;1;0;0;0;0;0;0;28,2;48,5;1;0;0;109;0;0;0;0,0;5882;0;0;0;
25.10.2025;06:14:56;11,3;11,2;0;28,2;8,0;16,1;8,0;0;0;0,0;8;48,5;48,5;55,0;0;16656;14,0;55,0;70,0;60,0;0;53,3;120,0;120,0;0,00;0,00;60;36;125,9;125,0;6000;0;2;4;0;0;0;0;1;0;0;0;0;0;0;28,2;48,5;1;0;0;109;0;0;0;0,0;5882;0;0;0;
25.10.2025;06:15:56;11,3;11,2;0;28,2;8,0;16,0;8,0;0;0;0,0;8;48,5;48,5;55,0;0;16656;14,0;55,0;70,0;60,0;0;53,5;120,0;120,0;0,00;0,00;60;36;125,6;125,0;6000;0;2;4;0;0;0;0;1;0;0;0;0;0;0;28,2;48,5;1;0;0;109;0;0;0;0,0;5882;0;0;0;
25.10.2025;06:16:56;11,3;11,2;0;28,2;8,0;16,0;8,0;0;0;0,0;8;48,4;48,4;55,0;0;16656;14,1;54,9;70,0;60,0;0;53,7;120,0;120,0;0,00;0,00;60;37;125,7;125,0;6000;0;2;4;0;0;0;0;1;0;0;0;0;0;0;28,2;48,4;1;0;0;109;0;0;0;0,0;5882;0;0;0;
25.10.2025;06:17:56;11,3;11,2;0;28,2;8,0;16,0;8,0;0;0;0,0;8;48,4;48,4;55,0;0;16656;14,0;55,0;70,0;60,0;0;53,8;120,0;120,0;0,00;0,00;60;36;125,8;125,0;6000;0;2;4;0;0;0;0;1;0;0;0;0;0;0;28,2;48,4;1;0;0;109;0;0;0;0,0;5882;0;0;0;
25.10.2025;06:18:56;11,3;11,2;0;28,2;8,0;16,0;8,0;0;0;0,0;8;48,4;48,4;55,0;0;16656;14,4;54,9;70,0;60,0;0;54,0;120,0;120,0;0,00;0,00;60;37;125,1;125,0;6000;0;2;4;0;0;0;0;1;0;0;0;0;0;0;28,2;48,4;1;0;0;109;0;0;0;0,0;5882;0;0;0;
25.10.2025;06:19:56;11,3;11,2;0;28,2;8,0;16,0;8,0;0;0;0,0;8;48,4;48,4;55,0;0;16656;14,2;54,8;70,0;60,0;0;54,3;120,0;120,0;0,00;0,00;60;36;126,4;125,0;6000;0;2;4;0;0;0;0;1;0;0;0;0;0;0;28,2;48,4;1;0;0;109;0;0;0;0,0;5882;0;0;0;
25.10.2025;06:20:56;11,3;11,2;0;28,2;8,0;16,1;8,0;0;0;0,0;8;48,4;48,4;55,0;0;16656;14,1;54,8;70,0;60,0;0;63,8;120,0;120,0;70,00;30,00;60;37;124,9;125,0;6000;0;2;4;1;0;0;0;1;0;0;0;0;0;0;28,2;48,4;1;0;0;108;0;0;0;0,0;5882;0;0;0;
25.10.2025;06:21:56;11,3;11,2;0;28,2;8,0;16,1;8,0;0;0;0,0;8;48,4;48,4;55,0;0;16656;13,9;54,8;70,0;60,0;0;112,8;120,0;120,0;0,00;0,00;60;37;125,2;125,0;6000;0;2;4;0;0;0;0;1;0;0;0;0;0;0;28,2;48,4;1;0;0;108;0;0;0;0,0;5882;0;0;0;
25.10.2025;06:22:56;11,3;11,2;0;28,2;8,0;16,1;8,0;0;0;0,0;8;48,4;48,4;55,0;0;16656;14,0;55,6;70,0;60,0;0;198,3;120,0;120,0;0,00;0,00;65;37;125,4;125,0;6000;0;3;8;0;0;0;0;0;0;0;0;0;0;0;28,2;48,4;1;0;0;108;0;0;0;0,0;5882;0;0;0;
25.10.2025;06:23:56;11,3;11,2;0;28,3;8,0;16,1;8,0;0;0;0,0;8;48,4;48,4;55,0;0;16656;14,0;57,0;70,0;60,0;0;263,8;120,0;120,0;0,00;0,00;65;37;125,4;125,0;6000;0;3;8;0;0;0;0;0;0;0;0;0;0;0;28,3;48,4;1;0;0;108;0;0;0;0,0;5882;0;0;0;
25.10.2025;06:24:56;11,3;11,2;0;28,4;8,0;16,1;8,0;0;0;0,0;8;48,4;48,4;55,0;0;16656;14,0;58,5;70,0;60,0;0;322,2;120,0;120,0;0,00;0,00;65;38;125,7;125,0;6000;0;3;8;0;0;0;0;0;0;0;0;0;0;0;28,4;48,4;1;0;0;108;0;0;0;0,0;5882;0;0;0;
25.10.2025;06:25:56;11,2;11,2;0;28,6;8,0;16,0;8,0;0;0;0,0;8;48,4;48,4;55,0;1;16400;14,2;60,3;70,0;60,0;0;383,9;120,0;120,0;0,00;0,00;65;38;125,4;125,0;6000;0;3;8;0;0;0;0;0;0;0;0;0;0;0;28,6;48,4;1;0;0;108;0;0;0;0,0;5882;0;0;0;
25.10.2025;06:26:56;11,2;11,2;0;30,3;8,0;16,0;8,0;0;0;0,0;8;48,4;48,4;55,0;1;16400;14,3;61,2;70,0;60,0;0;430,1;120,0;120,0;0,00;0,00;65;38;124,9;125,0;6000;0;3;8;0;0;0;0;0;0;0;0;0;0;0;30,3;48,4;1;0;0;108;0;0;0;0,0;5882;0;0;0;
25.10.2025;06:27:56;11,2;11,1;0;30,3;8,0;16,0;8,0;0;0;0,0;8;48,5;48,5;55,0;1;16400;14,0;59,3;70,0;60,0;0;441,8;120,0;120,0;0,00;0,00;65;38;125,6;125,0;6000;0;3;8;0;0;0;0;0;0;1;0;0;0;0;30,3;48,5;1;0;0;108;0;0;0;0,0;5882;0;0;0;
25.10.2025;06:28:56;11,2;11,1;0;30,5;8,0;16,0;8,0;0;0;0,0;8;48,8;48,8;55,0;1;16400;14,3;58,3;70,0;60,0;0;411,1;120,0;120,0;0,00;0,00;65;38;125,9;125,0;6000;0;3;8;0;0;0;0;0;0;1;0;0;0;0;30,5;48,8;1;0;0;108;0;0;0;0,0;5882;0;0;0;
25.10.2025;06:29:56;11,2;11,1;0;30,0;8,0;16,0;8,0;0;0;0,0;8;49,0;49,0;55,0;0;16656;14,0;57,9;70,0;60,0;100;363,8;425,2;740,0;7,82;80,00;57;43;131,3;131,7;6000;0;4;16;0;0;0;0;0;0;1;0;0;0;0;30,0;49,0;1;0;0;108;0;0;0;0,0;5882;0;0;0;
25.10.2025;06:30:56;11,2;11,1;0;28,9;8,0;16,0;8,0;0;0;0,0;8;49,2;49,2;55,0;0;16656;14,2;57,8;70,0;60,0;100;352,0;448,7;740,0;10,28;80,00;57;46;134,7;135,6;6000;0;4;16;0;0;0;0;0;0;1;0;0;0;0;28,9;49,2;1;0;0;108;0;0;0;0,0;5882;0;0;0;
25.10.2025;06:31:56;11,2;11,1;0;28,9;8,0;16,0;8,0;0;0;0,0;8;49,3;49,3;55,0;0;16656;14,0;59,0;70,0;60,0;90;351,9;469,6;720,0;11,00;80,00;54;46;136,4;135,9;6000;0;4;16;0;0;0;0;0;0;1;0;0;0;0;28,9;49,3;1;0;0;108;0;0;0;0,0;5882;0;0;0;
25.10.2025;06:32:56;11,2;11,2;0;29,9;8,0;16,0;8,0;0;0;0,0;8;49,5;49,5;55,0;1;16400;14,0;60,8;70,0;60,0;90;366,5;488,6;720,0;11,00;80,00;54;46;136,8;135,3;6000;0;4;16;0;0;0;0;0;0;0;0;0;0;0;29,9;49,5;1;0;0;108;0;0;0;0,0;5882;0;0;0;
25.10.2025;06:33:56;11,2;11,2;0;31,0;8,0;16,0;8,0;0;0;0,0;8;49,6;49,6;55,0;1;16400;14,0;61,0;70,0;60,0;90;379,5;505,2;720,0;10,99;80,00;54;45;133,4;133,9;6000;0;4;16;0;0;0;0;0;0;0;0;0;0;0;31,0;49,6;1;0;0;108;0;0;0;0,0;5882;0;0;0;
25.10.2025;06:34:56;11,2;11,2;0;31,1;8,0;16,0;8,0;0;0;0,0;8;49,9;49,9;55,0;1;16400;14,1;60,0;70,0;60,0;94;402,4;521,7;730,0;12,00;80,00;56;46;135,5;135,0;6000;0;4;16;0;0;0;0;0;0;0;0;0;0;0;31,1;49,9;1;0;0;108;0;0;0;0,0;5882;0;0;0;
25.10.2025;06:35:56;11,2;11,2;0;31,3;8,0;16,0;8,0;0;0;0,0;8;50,2;50,2;55,0;1;16400;14,0;59,9;70,0;60,0;100;429,1;538,0;740,0;11,99;80,00;57;47;136,5;137,1;6000;0;4;16;0;0;0;0;0;0;0;0;0;0;0;31,3;50,2;1;0;0;107;0;0;0;0,0;5882;0;0;0;
25.10.2025;06:36:56;11,2;11,1;0;31,4;8,0;16,0;8,0;0;0;0,0;8;50,5;50,5;55,0;1;16400;14,0;60,3;70,0;60,0;100;445,7;552,4;740,0;12,00;80,00;57;48;137,3;137,4;6000;0;4;16;1;0;0;0;0;0;0;0;0;0;0;31,4;50,5;1;0;0;107;0;0;0;0,0;5882;0;0;0;
25.10.2025;06:37:56;11,2;11,1;0;31,4;8,0;16,0;8,0;0;0;0,0;8;50,8;50,8;55,0;1;16400;14,1;60,8;70,0;60,0;100;463,7;566,6;740,0;12,00;80,00;57;47;138,4;138,3;6000;0;4;16;0;0;0;0;0;0;0;0;0;0;0;31,4;50,8;1;0;0;107;0;0;0;0,0;5882;0;0;0;
25.10.2025;06:38:56;11,2;11,2;0;31,5;8,0;16,0;8,0;0;0;0,0;8;51,2;51,2;55,0;1;16400;14,0;61,4;70,0;60,0;94;476,1;578,8;730,0;12,00;80,00;56;48;136,4;137,4;6000;0;4;16;1;0;0;0;0;0;0;0;0;0;0;31,5;51,2;1;0;0;107;0;0;0;0,0;5882;0;0;0;
25.10.2025;06:39:56;11,2;11,1;0;31,6;8,0;16,0;8,0;0;0;0,0;8;51,5;51,5;55,0;1;16400;14,0;62,0;70,0;60,0;94;473,0;590,1;730,0;12,00;80,00;56;48;137,4;137,3;6000;0;4;16;0;0;0;0;0;0;0;0;0;0;0;31,6;51,5;1;0;0;107;0;0;0;0,0;5882;0;0;0;
25.10.2025;06:40:56;11,2;11,1;0;31,7;8,0;16,0;8,0;0;0;0,0;8;51,8;51,8;55,0;1;16400;14,0;62,5;70,0;60,0;94;463,0;600,6;730,0;12,00;80,00;56;48;135,8;136,6;6000;0;4;16;0;0;0;0;0;0;0;0;0;0;0;31,7;51,8;1;0;0;107;0;0;0;0,0;5882;0;0;0;
25.10.2025;06:41:56;11,2;11,1;0;31,8;8,0;16,0;8,0;0;0;0,0;8;52,2;52,2;55,0;1;16400;14,0;62,9;70,0;60,0;94;476,3;610,1;730,0;11,99;80,00;56;48;135,6;136,3;6000;0;4;16;0;0;0;0;0;0;0;0;0;0;0;31,8;52,2;1;0;0;107;0;0;0;0,0;5882;0;0;0;
25.10.2025;06:42:56;11,2;11,1;0;31,9;8,0;16,0;8,0;0;0;0,0;8;52,6;52,6;55,0;1;16400;14,1;63,6;70,0;60,0;90;507,7;618,3;720,0;11,00;80,00;54;47;136,2;135,1;6000;0;4;16;0;0;0;0;0;0;0;0;0;0;0;31,9;52,6;1;0;0;107;0;0;0;0,0;5882;0;0;0;
25.10.2025;06:43:56;11,2;11,1;0;32,0;8,0;16,0;8,0;0;0;0,0;8;53,0;53,0;55,0;1;16400;14,0;64,3;70,0;60,0;86;505,0;625,4;710,0;11,00;80,00;53;47;134,1;133,5;6000;0;4;16;0;0;0;0;0;0;0;0;0;0;0;32,0;53,0;1;0;0;106;0;0;0;0,0;5882;0;0;0;
25.10.2025;06:44:56;11,2;11,1;0;32,0;8,0;16,0;8,0;0;0;0,0;8;53,3;53,3;55,0;1;16400;14,0;64,8;70,0;60,0;86;494,3;631,6;710,0;11,00;80,00;53;46;132,2;132,2;6000;0;4;16;0;0;0;0;0;0;0;0;0;0;0;32,0;53,3;1;0;0;106;0;0;0;0,0;5882;0;0;0;
25.10.2025;06:45:56;11,2;11,1;0;32,1;8,0;16,0;8,0;0;0;0,0;8;53,8;53,8;55,0;1;16400;14,0;65,3;70,0;60,0;82;467,3;636,9;700,0;11,00;80,00;52;47;131,1;130,6;6000;0;4;16;1;0;0;0;0;0;0;0;0;0;0;32,1;53,8;1;0;0;106;0;0;0;0,0;5882;0;0;0;
25.10.2025;06:46:56;11,2;11,1;0;32,2;8,0;16,0;8,0;0;0;0,0;8;54,2;54,2;55,0;1;16400;14,1;65,6;70,0;60,0;82;457,4;641,5;700,0;11,00;80,00;52;47;130,2;129,8;6000;0;4;16;0;0;0;0;0;0;0;0;0;0;0;32,2;54,2;1;0;0;106;0;0;0;0,0;5882;0;0;0;
25.10.2025;06:47:56;11,2;11,1;0;32,3;8,0;16,0;8,0;0;0;0,0;8;54,5;54,5;55,0;1;16400;14,1;66,1;70,0;60,0;82;471,3;646,3;700,0;11,00;80,00;52;48;128,9;129,9;6000;0;4;268435472;0;0;0;0;0;0;0;0;0;0;0;32,3;54,5;1;0;0;106;0;0;0;0,0;5882;0;0;0;
25.10.2025;06:48:56;11,1;11,1;0;32,4;8,0;16,0;8,0;0;0;0,0;8;55,0;55,0;50,0;1;8336;14,1;66,7;8,0;60,0;0;483,3;8,0;8,0;0,00;0,00;45;48;128,6;129,4;6000;0;5;268435488;0;0;0;0;0;0;0;0;0;0;0;32,4;55,0;1;0;0;106;0;0;0;0,0;5882;0;0;0;
25.10.2025;06:49:56;11,1;11,1;0;32,4;8,0;16,0;8,0;0;0;0,0;8;55,4;55,4;50,0;1;8336;14,2;67,2;8,0;60,0;0;456,3;8,0;8,0;0,00;0,00;51;48;128,8;129,4;6000;0;5;268435488;0;0;0;0;0;0;0;0;0;0;0;32,4;55,4;1;0;0;106;0;0;0;0,0;5882;0;0;0;
25.10.2025;06:50:56;11,1;11,1;0;32,4;8,0;16,0;8,0;0;0;0,0;8;55,8;55,8;50,0;1;8336;14,0;67,4;8,0;60,0;0;406,3;8,0;8,0;0,00;0,00;47;48;129,0;129,4;6000;0;5;268435488;0;0;0;0;0;0;0;0;0;0;0;32,4;55,8;1;0;0;106;0;0;0;0,0;5882;0;0;0;
25.10.2025;06:51:56;11,1;11,0;0;32,4;8,0;16,0;8,0;0;0;0,0;8;56,1;56,1;50,0;1;8336;14,0;67,4;8,0;60,0;0;363,9;8,0;8,0;0,00;0,00;44;48;129,6;129,4;6000;0;5;268435488;0;0;0;0;0;0;0;0;0;0;0;32,4;56,1;1;0;0;106;0;0;0;0,0;5882;0;0;0;
25.10.2025;06:52:56;11,1;11,2;0;32,4;8,0;16,0;8,0;0;0;0,0;8;56,7;56,7;50,0;1;8336;14,1;67,3;8,0;60,0;0;325,6;8,0;8,0;0,00;0,00;40;48;129,5;129,4;6000;0;5;268435488;0;0;0;0;0;0;0;0;0;0;0;32,4;56,7;1;0;0;106;0;0;0;0,0;5882;0;0;0;
25.10.2025;06:53:56;11,1;11,1;0;32,2;8,0;16,1;8,0;0;0;0,0;8;56,9;56,9;50,0;1;8336;14,2;67,3;8,0;60,0;0;296,0;8,0;8,0;0,00;0,00;37;50;127,1;129,4;6000;0;5;268435488;0;0;0;0;0;0;0;0;0;0;0;32,2;56,9;1;0;0;106;0;0;0;0,0;5882;0;0;0;
25.10.2025;06:54:56;11,1;11,1;0;32,2;8,0;16,0;8,0;0;0;0,0;8;57,3;57,3;50,0;1;8336;14,0;67,2;8,0;60,0;0;273,0;8,0;8,0;0,00;0,00;33;51;129,7;129,4;6000;0;5;268435488;0;0;0;0;0;0;0;0;0;0;0;32,2;57,3;1;0;0;106;0;0;0;0,0;5882;0;0;0;
25.10.2025;06:55:56;11,1;11,1;0;32,2;8,0;16,0;8,0;0;0;0,0;8;57,6;57,6;50,0;1;8336;14,0;67,1;8,0;60,0;0;250,1;8,0;8,0;0,00;0,00;0;26;125,2;129,4;6000;0;5;268435488;0;0;0;0;0;0;0;0;0;0;0;32,2;57,6;1;0;0;106;0;0;0;0,0;5882;0;0;0;
25.10.2025;06:56:56;11,1;11,1;0;32,1;8,0;16,1;8,0;0;0;0,0;8;58,0;58,0;50,0;1;8336;14,2;67,0;8,0;60,0;0;228,7;8,0;8,0;0,00;0,00;0;20;54,1;129,4;6000;0;5;268435488;0;0;0;0;0;0;0;0;0;0;0;32,1;58,0;1;0;0;106;0;0;0;0,0;5882;0;0;0;
25.10.2025;06:57:56;11,1;11,1;0;32,0;8,0;16,1;8,0;0;0;0,0;8;58,3;58,3;50,0;1;8336;14,3;66,8;8,0;60,0;0;208,2;8,0;8,0;0,00;0,00;0;18;52,6;129,4;6000;0;5;268435488;0;0;0;0;0;0;0;0;0;0;0;32,0;58,3;1;0;0;106;0;0;0;0,0;5882;0;0;0;
25.10.2025;06:58:56;11,1;11,1;0;31,9;8,0;16,1;8,0;0;0;0,0;8;58,6;58,6;50,0;0;8208;14,0;66,6;8,0;60,0;0;192,4;8,0;8,0;0,00;0,00;0;18;53,2;129,4;6000;0;5;268435488;0;0;0;0;0;0;0;0;0;0;0;31,9;58,6;1;0;0;106;0;0;0;0,0;5882;0;0;0;
25.10.2025;06:59:56;11,1;11,1;0;30,6;8,0;16,1;8,0;0;0;0,0;8;58,8;58,8;50,0;0;8208;14,0;66,5;8,0;60,0;0;179,7;8,0;8,0;0,00;0,00;0;18;52,2;129,4;6000;0;5;268435488;0;0;0;0;0;0;0;0;0;0;0;30,6;58,8;1;0;0;106;0;0;0;0,0;5882;0;0;0;
25.10.2025;07:00:56;11,1;11,1;0;30,5;8,0;16,1;8,0;0;0;0,0;8;59,0;59,0;50,0;0;8208;14,0;66,5;8,0;60,0;0;169,4;8,0;8,0;0,00;0,00;0;17;52,6;129,4;6000;0;5;268435488;0;0;0;0;0;0;0;0;0;0;0;30,5;59,0;1;0;0;106;0;0;0;0,0;5882;0;0;0;
25.10.2025;07:01:56;11,1;11,1;0;30,4;8,0;16,1;8,0;0;0;0,0;8;59,0;59,0;50,0;0;8208;14,2;66,8;8,0;60,0;0;161,2;8,0;8,0;0,00;0,00;0;17;52,3;129,4;6000;0;5;268435488;0;0;0;0;0;0;0;0;0;0;0;30,4;59,0;1;0;0;106;0;0;0;0,0;5882;0;0;0;
25.10.2025;07:02:56;11,1;11,1;0;30,5;8,0;16,0;8,0;0;0;0,0;8;59,1;59,1;50,0;0;8208;14,0;67,1;8,0;60,0;0;154,0;8,0;8,0;0,00;0,00;0;0;51,5;139,0;6000;0;99;1879048192;0;0;0;0;0;0;0;0;0;0;0;30,5;59,1;1;0;0;106;0;0;0;0,0;5882;0;0;0;
25.10.2025;07:03:56;11,1;11,1;0;30,4;8,0;16,0;8,0;0;0;0,0;8;59,1;59,1;50,0;0;8208;14,1;67,4;8,0;60,0;0;147,9;8,0;8,0;0,00;0,00;0;0;48,2;139,0;6000;0;99;1879048192;0;0;0;0;0;0;0;0;0;0;0;30,4;59,1;1;0;0;106;0;0;0;0,0;5882;0;0;0;
25.10.2025;07:04:56;11,1;11,1;0;30,4;8,0;16,0;8,0;0;0;0,0;8;59,1;59,1;50,0;0;8208;14,1;67,6;8,0;60,0;0;142,8;8,0;8,0;0,00;0,00;0;0;48,3;139,0;6000;0;99;1879048192;0;0;0;0;0;0;0;0;0;0;0;30,4;59,1;1;0;0;106;0;0;0;0,0;5882;0;0;0;
25.10.2025;07:05:56;11,1;11,1;0;30,5;8,0;16,0;8,0;0;0;0,0;8;59,1;59,1;50,0;0;8208;14,1;67,8;8,0;60,0;0;138,4;8,0;8,0;0,00;0,00;0;0;48,3;139,0;6000;0;99;1879048192;0;0;0;0;0;0;0;0;0;0;0;30,5;59,1;1;0;0;106;0;0;0;0,0;5882;0;0;0;
25.10.2025;07:06:56;11,1;11,1;0;30,5;8,0;16,0;8,0;0;0;0,0;8;59,1;59,1;50,0;0;8208;14,0;67,9;8,0;60,0;0;134,6;8,0;8,0;0,00;0,00;0;0;48,7;139,0;6000;0;99;1879048192;0;0;0;0;0;0;0;0;0;0;0;30,5;59,1;1;0;0;106;0;0;0;0,0;5882;0;0;0;
25.10.2025;07:07:56;11,1;11,1;0;30,5;8,0;16,0;8,0;0;0;0,0;8;59,2;59,2;50,0;0;8208;14,0;68,1;8,0;60,0;0;131,4;8,0;8,0;0,00;0,00;0;0;48,5;139,0;6000;0;99;1879048192;0;0;0;0;0;0;0;0;0;0;0;30,5;59,2;1;0;0;106;0;0;0;0,0;5882;0;0;0;
25.10.2025;07:08:56;11,1;11,1;0;30,5;8,0;16,0;8,0;0;0;0,0;8;59,2;59,2;50,0;0;8208;14,0;68,2;8,0;60,0;0;128,4;8,0;8,0;0,00;0,00;0;0;48,5;139,0;6000;0;99;1879048192;0;0;0;0;0;0;0;0;0;0;0;30,5;59,2;1;0;0;106;0;0;0;0,0;5882;0;0;0;
25.10.2025;07:09:56;11,1;11,1;0;30,5;8,0;16,0;8,0;0;0;0,0;8;59,2;59,2;50,0;0;8208;14,1;68,4;8,0;60,0;0;126,0;8,0;8,0;0,00;0,00;0;0;48,3;139,0;6000;0;99;1879048192;0;0;0;0;0;0;0;0;0;0;0;30,5;59,2;1;0;0;106;0;0;0;0,0;5882;0;0;0;
25.10.2025;07:10:56;11,1;11,1;0;30,5;8,0;16,0;8,0;0;0;0,0;8;59,2;59,2;50,0;0;8208;14,1;68,4;8,0;60,0;0;123,8;8,0;8,0;0,00;0,00;0;0;48,4;139,0;6000;0;99;1879048192;0;0;0;0;0;0;0;0;0;0;0;30,5;59,2;1;0;0;106;0;0;0;0,0;5882;0;0;0;
25.10.2025;07:11:56;11,1;11,1;0;30,5;8,0;16,0;8,0;0;0;0,0;8;59,2;59,2;50,0;0;8208;14,1;68,5;8,0;60,0;0;121,8;8,0;8,0;0,00;0,00;0;0;48,6;139,0;6000;0;99;1879048192;0;0;0;0;0;0;0;0;0;0;0;30,5;59,2;1;0;0;106;0;0;0;0,0;5882;0;0;0;
25.10.2025;07:12:56;11,1;11,1;0;30,5;8,0;16,0;8,0;0;0;0,0;8;59,2;59,2;50,0;0;8208;14,0;68,6;8,0;60,0;0;119,7;8,0;8,0;0,00;0,00;0;0;48,6;139,0;6000;0;99;1879048192;0;0;0;0;0;0;0;0;0;0;0;30,5;59,2;1;0;0;106;0;0;0;0,0;5882;0;0;0;
25.10.2025;07:13:56;11,1;11,1;0;30,6;8,0;16,0;8,0;0;0;0,0;8;59,2;59,2;50,0;0;8208;14,0;68,7;8,0;60,0;0;118,2;8,0;8,0;0,00;0,00;0;0;48,3;139,0;6000;0;99;1879048192;0;0;0;0;0;0;0;0;0;0;0;30,6;59,2;1;0;0;106;0;0;0;0,0;5882;0;0;0;
25.10.2025;07:14:56;11,1;11,1;0;30,6;8,0;16,0;8,0;0;0;0,0;8;59,2;59,2;50,0;0;8208;14,1;68,8;8,0;60,0;0;116,4;8,0;8,0;0,00;0,00;0;0;48,4;139,0;6000;0;99;1879048192;0;0;0;0;0;0;0;0;0;0;0;30,6;59,2;1;0;0;106;0;0;0;0,0;5882;0;0;0;
25.10.2025;07:15:56;11,1;11,1;0;30,5;8,0;16,0;8,0;0;0;0,0;8;59,1;59,1;50,0;0;8208;14,2;68,9;8,0;60,0;0;114,9;8,0;8,0;0,00;0,00;0;0;48,1;139,0;6000;0;99;1879048192;0;0;0;0;0;0;0;0;0;0;0;30,5;59,1;1;0;0;106;0;0;0;0,0;5882;0;0;0;
25.10.2025;07:16:56;11,1;11,1;0;30,5;8,0;16,0;8,0;0;0;0,0;8;59,1;59,1;50,0;0;8208;14,0;69,0;8,0;60,0;0;113,4;8,0;8,0;0,00;0,00;0;0;48,8;139,0;6000;0;99;1879048192;0;0;0;0;0;0;0;0;0;0;0;30,5;59,1;1;0;0;106;0;0;0;0,0;5882;0;0;0;
25.10.2025;07:17:56;11,1;11,1;0;30,6;8,0;16,0;8,0;0;0;0,0;8;59,1;59,1;50,0;0;8208;14,0;68,9;8,0;60,0;0;112,6;8,0;8,0;0,00;0,00;0;0;48,4;139,0;6000;0;99;1879048192;0;0;0;0;0;0;0;0;0;0;0;30,6;59,1;1;0;0;106;0;0;0;0,0;5882;0;0;0;
25.10.2025;07:18:56;11,1;11,1;0;30,6;8,0;16,0;8,0;0;0;0,0;8;59,1;59,1;50,0;0;8208;14,0;68,9;8,0;60,0;0;111,5;8,0;8,0;0,00;0,00;0;0;48,5;139,0;6000;0;99;1879048192;0;0;0;0;0;0;0;0;0;0;0;30,6;59,1;1;0;0;106;0;0;0;0,0;5882;0;0;0;
25.10.2025;07:19:56;11,1;11,1;0;30,6;8,0;16,0;8,0;0;0;0,0;8;59,1;59,1;50,0;0;8208;14,1;69,0;8,0;60,0;0;110,2;8,0;8,0;0,00;0,00;0;0;48,5;139,0;6000;0;99;1879048192;0;0;0;0;0;0;0;0;0;0;0;30,6;59,1;1;0;0;106;0;0;0;0,0;5882;0;0;0;
25.10.2025;07:20:56;11,1;11,1;0;30,6;8,0;16,0;8,0;0;0;0,0;8;59,1;59,1;50,0;0;8208;14,0;69,0;8,0;60,0;0;109,2;8,0;8,0;0,00;0,00;0;0;48,3;139,0;6000;0;99;1879048192;0;0;0;0;0;0;0;0;0;0;0;30,6;59,1;1;0;0;106;0;0;0;0,0;5882;0;0;0;
25.10.2025;07:21:56;11,1;11,1;0;30,7;8,0;16,0;8,0;0;0;0,0;8;59,1;59,1;50,0;0;8208;14,1;69,0;8,0;60,0;0;108,1;8,0;8,0;0,00;0,00;0;0;48,4;139,0;6000;0;99;1879048192;0;0;0;0;0;0;0;0;0;0;0;30,7;59,1;1;0;0;106;0;0;0;0,0;5882;0;0;0;
25.10.2025;07:22:56;11,1;11,1;0;30,7;8,0;16,0;8,0;0;0;0,0;8;59,1;59,1;50,0;0;8208;14,1;69,0;8,0;60,0;0;107,2;8,0;8,0;0,00;0,00;0;0;48,5;139,0;6000;0;99;1879048192;0;0;0;0;0;0;0;0;0;0;0;30,7;59,1;1;0;0;106;0;0;0;0,0;5882;0;0;0;
25.10.2025;07:23:56;11,1;11,1;0;30,7;8,0;16,0;8,0;0;0;0,0;8;59,1;59,1;50,0;0;8208;14,1;69,0;8,0;60,0;0;106,3;8,0;8,0;0,00;0,00;0;0;48,6;139,0;6000;0;99;1879048192;0;0;0;0;0;0;0;0;0;0;0;30,7;59,1;1;0;0;106;0;0;0;0,0;5882;0;0;0;
25.10.2025;07:24:56;11,1;11,1;0;30,7;8,0;16,0;8,0;0;0;0,0;8;59,0;59,0;50,0;0;8208;14,1;69,0;8,0;60,0;0;105,6;8,0;8,0;0,00;0,00;0;0;48,5;139,0;6000;0;99;1879048192;0;0;0;0;0;0;0;0;0;0;0;30,7;59,0;1;0;0;106;0;0;0;0,0;5882;0;0;0;
25.10.2025;07:25:56;11,1;11,1;0;30,8;8,0;16,0;8,0;0;0;0,0;8;59,0;59,0;50,0;0;8208;14,0;69,0;8,0;60,0;0;104,8;8,0;8,0;0,00;0,00;0;0;48,4;139,0;6000;0;99;1879048192;0;0;0;0;0;0;0;0;0;0;0;30,8;59,0;1;0;0;106;0;0;0;0,0;5882;0;0;0;
25.10.2025;07:26:56;11,1;11,1;0;30,8;8,0;16,0;8,0;0;0;0,0;8;59,0;59,0;50,0;0;8208;14,0;69,0;8,0;60,0;0;103,9;8,0;8,0;0,00;0,00;0;0;48,4;139,0;6000;0;99;1879048192;0;0;0;0;0;0;0;0;0;0;0;30,8;59,0;1;0;0;106;0;0;0;0,0;5882;0;0;0;
25.10.2025;07:27:56;11,1;11,1;0;30,8;8,0;16,0;8,0;0;0;0,0;8;59,0;59,0;50,0;0;8208;14,0;69,0;8,0;60,0;0;103,0;8,0;8,0;0,00;0,00;0;0;48,3;139,0;6000;0;99;1879048192;0;0;0;0;0;0;0;0;0;0;0;30,8;59,0;1;0;0;106;0;0;0;0,0;5882;0;0;0;
25.10.2025;07:28:56;11,1;11,1;0;30,8;8,0;16,0;8,0;0;0;0,0;8;59,0;59,0;50,0;0;8208;14,1;68,9;8,0;60,0;0;102,4;8,0;8,0;0,00;0,00;0;0;48,6;139,0;6000;0;99;1879048192;0;0;0;0;0;0;0;0;0;0;0;30,8;59,0;1;0;0;106;0;0;0;0,0;5882;0;0;0;
25.10.2025;07:29:56;11,1;11,1;0;30,8;8,0;16,0;8,0;0;0;0,0;8;58,9;58,9;50,0;0;8208;14,2;69,0;8,0;60,0;0;101,4;8,0;8,0;0,00;0,00;0;0;48,3;139,0;6000;0;99;1879048192;0;0;0;0;0;0;0;0;0;0;0;30,8;58,9;1;0;0;106;0;0;0;0,0;5882;0;0;0;
25.10.2025;07:30:56;11,1;11,1;0;30,9;8,0;16,0;8,0;0;0;0,0;8;58,9;58,9;50,0;0;8208;14,0;69,0;8,0;60,0;0;100,7;8,0;8,0;0,00;0,00;0;0;48,4;139,0;6000;0;99;1879048192;0;0;0;0;0;0;0;0;0;0;0;30,9;58,9;1;0;0;106;0;0;0;0,0;5882;0;0;0;
25.10.2025;07:31:56;11,1;11,1;0;30,9;8,0;16,0;8,0;0;0;0,0;8;58,9;58,9;50,0;0;8208;14,0;69,0;8,0;60,0;0;100,0;8,0;8,0;0,00;0,00;0;0;48,3;139,0;6000;0;99;1879048192;0;0;0;0;0;0;0;0;0;0;0;30,9;58,9;1;0;0;106;0;0;0;0,0;5882;0;0;0;
25.10.2025;07:32:56;11,1;11,1;0;30,9;8,0;16,0;8,0;0;0;0,0;8;58,9;58,9;50,0;0;8208;14,1;69,0;8,0;60,0;0;99,4;8,0;8,0;0,00;0,00;0;0;48,3;139,0;6000;0;99;1879048192;0;0;0;0;0;0;0;0;0;0;0;30,9;58,9;1;0;0;106;0;0;0;0,0;5882;0;0;0;
25.10.2025;07:33:56;11,1;11,1;0;30,9;8,0;16,0;8,0;0;0;0,0;8;58,9;58,9;50,0;0;8208;14,0;69,0;8,0;60,0;0;98,8;8,0;8,0;0,00;0,00;0;0;48,5;139,0;6000;0;99;1879048192;0;0;0;0;0;0;0;0;0;0;0;30,9;58,9;1;0;0;106;0;0;0;0,0;5882;0;0;0;
25.10.2025;07:34:56;11,1;11,1;0;31,0;8,0;16,0;8,0;0;0;0,0;8;58,8;58,8;50,0;0;8208;14,0;69,0;8,0;60,0;0;98,0;8,0;8,0;0,00;0,00;0;0;48,4;139,0;6000;0;99;1879048192;0;0;0;0;0;0;0;0;0;0;0;31,0;58,8;1;0;0;106;0;0;0;0,0;5882;0;0;0;
25.10.2025;07:35:56;11,1;11,1;0;31,0;8,0;16,0;8,0;0;0;0,0;8;58,8;58,8;50,0;0;8208;14,1;68,9;8,0;60,0;0;97,6;8,0;8,0;0,00;0,00;0;0;48,4;139,0;6000;0;99;1879048192;0;0;0;0;0;0;0;0;0;0;0;31,0;58,8;1;0;0;106;0;0;0;0,0;5882;0;0;0;
25.10.2025;07:36:56;11,1;11,1;0;31,0;8,0;16,0;8,0;0;0;0,0;8;58,8;58,8;50,0;0;8208;14,1;68,9;8,0;60,0;0;97,0;8,0;8,0;0,00;0,00;0;0;48,7;139,0;6000;0;99;1879048192;0;0;0;0;0;0;0;0;0;0;0;31,0;58,8;1;0;0;106;0;0;0;0,0;5882;0;0;0;
25.10.2025;07:37:56;11,1;11,1;0;31,0;8,0;16,0;8,0;0;0;0,0;8;58,8;58,8;50,0;0;8208;14,1;68,9;8,0;60,0;0;96,4;8,0;8,0;0,00;0,00;0;0;48,3;139,0;6000;0;99;1879048192;0;0;0;0;0;0;0;0;0;0;0;31,0;58,8;1;0;0;106;0;0;0;0,0;5882;0;0;0;
25.10.2025;07:38:56;11,1;11,2;0;31,1;8,0;16,0;8,0;0;0;0,0;8;58,8;58,8;50,0;0;8208;14,0;68,9;8,0;60,0;0;95,7;8,0;8,0;0,00;0,00;0;0;48,2;139,0;6000;0;99;1879048192;0;0;0;0;0;0;0;0;0;0;0;31,1;58,8;1;0;0;106;0;0;0;0,0;5882;0;0;0;
25.10.2025;07:39:56;11,1;11,2;0;31,1;8,0;16,0;8,0;0;0;0,0;8;58,7;58,7;50,0;0;8208;14,0;68,9;8,0;60,0;0;95,1;8,0;8,0;0,00;0,00;0;0;48,3;139,0;6000;0;99;1879048192;0;0;0;0;0;0;0;0;0;0;0;31,1;58,7;1;0;0;106;0;0;0;0,0;5882;0;0;0;
25.10.2025;07:40:56;11,1;11,1;0;31,1;8,0;16,0;8,0;0;0;0,0;8;58,7;58,7;50,0;0;8208;14,1;68,9;8,0;60,0;0;94,6;8,0;8,0;0,00;0,00;0;0;48,3;139,0;6000;0;99;1879048192;0;0;0;0;0;0;0;0;0;0;0;31,1;58,7;1;0;0;106;0;0;0;0,0;5882;0;0;0;
25.10.2025;07:41:56;11,1;11,2;0;31,1;8,0;16,0;8,0;0;0;0,0;8;58,7;58,7;50,0;0;8208;14,0;68,9;8,0;60,0;0;94,0;8,0;8,0;0,00;0,00;0;0;48,4;139,0;6000;0;99;1879048192;0;0;0;0;0;0;0;0;0;0;0;31,1;58,7;1;0;0;106;0;0;0;0,0;5882;0;0;0;
25.10.2025;07:42:56;11,1;11,2;0;31,1;8,0;16,0;8,0;0;0;0,0;8;58,7;58,7;50,0;0;8208;14,0;68,9;8,0;60,0;0;93,6;8,0;8,0;0,00;0,00;0;0;48,3;139,0;6000;0;99;1879048192;0;0;0;0;0;0;0;0;0;0;0;31,1;58,6;1;0;0;106;0;0;0;0,0;5882;0;0;0;
25.10.2025;07:43:56;11,1;11,2;0;31,2;8,0;16,0;8,0;0;0;0,0;8;58,6;58,6;50,0;0;8208;14,0;68,9;8,0;60,0;0;93,0;8,0;8,0;0,00;0,00;0;0;48,2;139,0;6000;0;99;1879048192;0;0;0;0;0;0;0;0;0;0;0;31,2;58,6;1;0;0;106;0;0;0;0,0;5882;0;0;0;
25.10.2025;07:44:56;11,1;11,2;0;31,2;8,0;16,1;8,0;0;0;0,0;8;58,6;58,6;50,0;0;8208;14,4;68,8;8,0;60,0;0;92,5;8,0;8,0;0,00;0,00;0;0;48,2;139,0;6000;0;99;1879048192;0;0;0;0;0;0;0;0;0;0;0;31,2;58,6;1;0;0;106;0;0;0;0,0;5882;0;0;0;
25.10.2025;07:45:56;11,1;11,2;0;31,2;8,0;16,1;8,0;0;0;0,0;8;58,6;58,6;50,0;0;8208;14,1;68,6;8,0;60,0;0;92,1;8,0;8,0;0,00;0,00;0;0;48,5;139,0;6000;0;99;1879048192;0;0;0;0;0;0;0;0;0;0;0;31,2;58,6;1;0;0;106;0;0;0;0,0;5882;0;0;0;
25.10.2025;07:46:56;11,1;11,2;0;31,2;8,0;16,1;8,0;0;0;0,0;8;58,6;58,6;50,0;0;8208;14,0;68,8;8,0;60,0;0;91,5;8,0;8,0;0,00;0,00;0;0;48,3;139,0;6000;0;99;1879048192;0;0;0;0;0;0;0;0;0;0;0;31,2;58,6;1;0;0;106;0;0;0;0,0;5882;0;0;0;
25.10.2025;07:47:56;11,1;11,1;0;31,3;8,0;16,1;8,0;0;0;0,0;8;58,5;58,5;50,0;0;8208;14,1;68,8;8,0;60,0;0;91,2;8,0;8,0;0,00;0,00;0;0;48,5;139,0;6000;0;99;1879048192;0;0;0;0;0;0;0;0;0;0;0;31,3;58,5;1;0;0;106;0;0;0;0,0;5882;0;0;0;
25.10.2025;07:48:56;11,1;11,2;0;31,3;8,0;16,1;8,0;0;0;0,0;8;58,5;58,5;50,0;0;8208;14,0;68,7;8,0;60,0;0;90,8;8,0;8,0;0,00;0,00;0;0;48,3;139,0;6000;0;99;1879048192;0;0;0;0;0;0;0;0;0;0;0;31,3;58,5;1;0;0;106;0;0;0;0,0;5882;0;0;0;
25.10.2025;07:49:56;11,1;11,2;0;31,3;8,0;16,1;8,0;0;0;0,0;8;58,5;58,5;50,0;0;8208;14,0;68,7;8,0;60,0;0;90,4;8,0;8,0;0,00;0,00;0;0;48,6;139,0;6000;0;99;1879048192;0;0;0;0;0;0;0;0;0;0;0;31,3;58,5;1;0;0;106;0;0;0;0,0;5882;0;0;0;
25.10.2025;07:50:56;11,1;11,1;0;31,3;8,0;16,0;8,0;0;0;0,0;8;58,5;58,5;50,0;0;8208;14,1;68,8;8,0;60,0;0;90,1;8,0;8,0;0,00;0,00;0;0;48,3;139,0;6000;0;99;1879048192;0;0;0;0;0;0;0;0;0;0;0;31,3;58,5;1;0;0;106;0;0;0;0,0;5882;0;0;0;
25.10.2025;07:51:56;11,1;11,2;0;31,4;8,0;16,0;8,0;0;0;0,0;8;58,5;58,5;50,0;0;8208;14,2;68,7;8,0;60,0;0;89,7;8,0;8,0;0,00;0,00;0;0;48,4;139,0;6000;0;99;1879048192;0;0;0;0;0;0;0;0;0;0;0;31,4;58,5;1;0;0;106;0;0;0;0,0;5882;0;0;0;
25.10.2025;07:52:56;11,1;11,2;0;31,4;8,0;16,0;8,0;0;0;0,0;8;58,4;58,4;50,0;0;8208;14,0;68,8;8,0;60,0;0;89,4;8,0;8,0;0,00;0,00;0;0;48,2;139,0;6000;0;99;1879048192;0;0;0;0;0;0;0;0;0;0;0;31,4;58,4;1;0;0;106;0;0;0;0,0;5882;0;0;0;
25.10.2025;07:53:56;11,1;11,2;0;31,4;8,0;16,0;8,0;0;0;0,0;8;58,4;58,4;50,0;0;8208;14,1;68,7;8,0;60,0;0;88,8;8,0;8,0;0,00;0,00;0;0;48,3;139,0;6000;0;99;1879048192;0;0;0;0;0;0;0;0;0;0;0;31,4;58,4;1;0;0;106;0;0;0;0,0;5882;0;0;0;
25.10.2025;07:54:56;11,1;11,2;0;31,4;8,0;16,0;8,0;0;0;0,0;8;58,4;58,4;50,0;0;8208;14,0;68,7;8,0;60,0;0;88,5;8,0;8,0;0,00;0,00;0;0;48,4;139,0;6000;0;99;1879048192;0;0;0;0;0;0;0;0;0;0;0;31,4;58,4;1;0;0;106;0;0;0;0,0;5882;0;0;0;
25.10.2025;07:55:56;11,1;11,2;0;31,5;8,0;16,0;8,0;0;0;0,0;8;58,4;58,4;50,0;0;8208;14,2;68,7;8,0;60,0;0;88,1;8,0;8,0;0,00;0,00;0;0;48,6;139,0;6000;0;99;1879048192;0;0;0;0;0;0;0;0;0;0;0;31,5;58,4;1;0;0;106;0;0;0;0,0;5882;0;0;0;
25.10.2025;07:56:56;11,1;11,2;0;31,5;8,0;16,0;8,0;0;0;0,0;8;58,4;58,4;50,0;0;8208;14,0;68,7;8,0;60,0;0;87,8;8,0;8,0;0,00;0,00;0;0;48,3;139,0;6000;0;99;1879048192;0;0;0;0;0;0;0;0;0;0;0;31,5;58,4;1;0;0;106;0;0;0;0,0;5882;0;0;0;
25.10.2025;07:57:56;11,1;11,2;0;31,5;8,0;16,0;8,0;0;0;0,0;8;58,3;58,3;50,0;0;8208;14,0;68,7;8,0;60,0;0;87,5;8,0;8,0;0,00;0,00;0;0;48,3;139,0;6000;0;99;1879048192;0;0;0;0;0;0;0;0;0;0;0;31,5;58,3;1;0;0;106;0;0;0;0,0;5882;0;0;0;
25.10.2025;07:58:56;11,1;11,2;0;31,5;8,0;16,0;8,0;0;0;0,0;8;58,3;58,3;50,0;0;8208;14,0;68,7;8,0;60,0;0;87,4;8,0;8,0;0,00;0,00;0;0;48,2;139,0;6000;0;99;1879048192;0;0;0;0;0;0;0;0;0;0;0;31,5;58,3;1;0;0;106;0;0;0;0,0;5882;0;0;0;
25.10.2025;07:59:56;11,1;11,1;0;31,5;8,0;16,0;8,0;0;0;0,0;8;58,3;58,3;50,0;0;8208;14,1;68,7;8,0;60,0;0;86,9;8,0;8,0;0,00;0,00;0;0;48,3;139,0;6000;0;99;1879048192;0;0;0;0;0;0;0;0;0;0;0;31,5;58,3;1;0;0;106;0;0;0;0,0;5882;0;0;0;
25.10.2025;08:00:56;11,1;11,1;0;31,6;8,0;16,0;8,0;0;0;0,0;8;58,2;58,2;50,0;0;8208;14,0;68,7;8,0;60,0;0;86,7;8,0;8,0;0,00;0,00;0;0;48,5;139,0;6000;0;99;1879048192;0;0;0;0;0;0;0;0;0;0;0;31,6;58,2;1;0;0;106;0;0;0;0,0;5882;0;0;0;
25.10.2025;08:01:56;11,1;11,1;0;31,5;8,0;16,0;8,0;0;0;0,0;8;58,2;58,2;26,0;0;8200;14,0;68,7;8,0;60,0;0;86,4;8,0;8,0;0,00;0,00;0;0;48,5;139,0;6000;0;99;1879048192;0;0;0;0;0;0;0;0;0;1;0;31,5;58,2;1;0;0;106;0;0;0;0,0;5882;0;0;0;
25.10.2025;08:02:56;11,1;11,1;0;31,5;8,0;16,0;8,0;0;0;0,0;8;58,2;58,2;26,0;0;8200;14,1;68,6;8,0;60,0;0;86,1;8,0;8,0;0,00;0,00;0;0;48,4;139,0;6000;0;99;1879048192;0;0;0;0;0;0;0;0;0;1;0;31,5;58,2;1;0;0;106;0;0;0;0,0;5882;0;0;0;
25.10.2025;08:03:56;11,1;11,1;0;31,6;8,0;16,0;8,0;0;0;0,0;8;58,1;58,1;26,0;0;8200;14,1;68,6;8,0;60,0;0;85,7;8,0;8,0;0,00;0,00;0;0;48,3;139,0;6000;0;99;1879048192;0;0;0;0;0;0;0;0;0;1;0;31,6;58,1;1;0;0;106;0;0;0;0,0;5882;0;0;0;
25.10.2025;08:04:56;11,1;11,1;0;31,6;8,0;16,0;8,0;0;0;0,0;8;58,1;58,1;26,0;0;8200;14,0;68,6;8,0;60,0;0;85,5;8,0;8,0;0,00;0,00;0;0;48,2;139,0;6000;0;99;1879048192;0;0;0;0;0;0;0;0;0;1;0;31,6;58,1;1;0;0;106;0;0;0;0,0;5882;0;0;0;
25.10.2025;08:05:56;11,1;11,1;0;31,6;8,0;16,0;8,0;0;0;0,0;8;58,1;58,1;26,0;0;8200;14,0;68,7;8,0;60,0;0;85,2;8,0;8,0;0,00;0,00;0;0;48,2;139,0;6000;0;99;1879048192;0;0;0;0;0;0;0;0;0;1;0;31,6;58,1;1;0;0;106;0;0;0;0,0;5882;0;0;0;
25.10.2025;08:06:56;11,1;11,1;0;31,7;8,0;16,0;8,0;0;0;0,0;8;58,1;58,1;26,0;0;8200;14,0;68,6;8,0;60,0;0;84,9;8,0;8,0;0,00;0,00;0;0;48,2;139,0;6000;0;99;1879048192;0;0;0;0;0;0;0;0;0;0;0;31,7;58,1;1;0;0;106;0;0;0;0,0;5882;0;0;0;
25.10.2025;08:07:56;11,1;11,1;0;31,7;8,0;16,0;8,0;0;0;0,0;8;58,1;58,1;26,0;0;8200;14,0;68,6;8,0;60,0;0;84,6;8,0;8,0;0,00;0,00;0;0;48,5;139,0;6000;0;99;1879048192;0;0;0;0;0;0;0;0;0;0;0;31,7;58,1;1;0;0;106;0;0;0;0,0;5882;0;0;0;
25.10.2025;08:08:56;11,1;11,1;0;31,7;8,0;16,0;8,0;0;0;0,0;8;58,1;58,1;26,0;0;8200;14,0;68,6;8,0;60,0;0;84,4;8,0;8,0;0,00;0,00;0;0;48,4;139,0;6000;0;99;1879048192;0;0;0;0;0;0;0;0;0;0;0;31,7;58,1;1;0;0;106;0;0;0;0,0;5882;0;0;0;
25.10.2025;08:09:56;11,1;11,0;0;31,7;8,0;16,0;8,0;0;0;0,0;8;58,0;58,0;26,0;0;8200;14,0;68,6;8,0;60,0;0;84,1;8,0;8,0;0,00;0,00;0;0;48,1;139,0;6000;0;99;1879048192;0;0;0;0;0;0;0;0;0;0;0;31,7;58,0;1;0;0;106;0;0;0;0,0;5882;0;0;0;
25.10.2025;08:10:56;11,1;11,0;0;31,7;8,0;16,1;8,0;0;0;0,0;8;58,0;58,0;26,0;0;8200;14,0;68,6;8,0;60,0;0;83,9;8,0;8,0;0,00;0,00;0;0;48,2;139,0;6000;0;99;1879048192;0;0;0;0;0;0;0;0;0;0;0;31,7;58,0;1;0;0;106;0;0;0;0,0;5882;0;0;0;
25.10.2025;08:11:56;11,1;11,0;0;31,8;8,0;16,1;8,0;0;0;0,0;8;58,0;58,0;26,0;0;8200;14,0;68,6;8,0;60,0;0;83,5;8,0;8,0;0,00;0,00;0;0;48,2;139,0;6000;0;99;1879048192;0;0;0;0;0;0;0;0;0;0;0;31,8;58,0;1;0;0;106;0;0;0;0,0;5882;0;0;0;
25.10.2025;08:12:56;11,1;11,0;0;31,7;8,0;16,1;8,0;0;0;0,0;8;57,9;57,9;26,0;0;8200;14,2;68,6;8,0;60,0;0;83,3;8,0;8,0;0,00;0,00;0;0;48,2;139,0;6000;0;99;1879048192;0;0;0;0;0;0;0;0;0;0;0;31,7;57,9;1;0;0;106;0;0;0;0,0;5882;0;0;0;
25.10.2025;08:13:56;11,1;11,0;0;31,7;8,0;16,1;8,0;0;0;0,0;8;57,9;57,9;26,0;0;8200;14,1;68,6;8,0;60,0;0;83,1;8,0;8,0;0,00;0,00;0;0;48,2;139,0;6000;0;99;1879048192;0;0;0;0;0;0;0;0;0;0;0;31,7;57,9;1;0;0;106;0;0;0;0,0;5882;0;0;0;
25.10.2025;08:14:56;11,1;11,0;0;31,8;8,0;16,1;8,0;0;0;0,0;8;57,9;57,9;26,0;0;8200;14,1;68,6;8,0;60,0;0;82,9;8,0;8,0;0,00;0,00;0;0;48,3;139,0;6000;0;99;1879048192;0;0;0;0;0;0;0;0;0;0;0;31,8;57,9;1;0;0;106;0;0;0;0,0;5882;0;0;0;
25.10.2025;08:15:56;11,1;11,0;0;31,8;8,0;16,1;8,0;0;0;0,0;8;57,9;57,9;26,0;0;8200;14,0;68,6;8,0;60,0;0;82,5;8,0;8,0;0,00;0,00;0;0;48,2;139,0;6000;0;99;1879048192;0;0;0;0;0;0;0;0;0;0;0;31,8;57,9;1;0;0;106;0;0;0;0,0;5882;0;0;0;
25.10.2025;08:16:56;11,1;11,0;0;31,8;8,0;16,0;8,0;0;0;0,0;8;57,9;57,9;26,0;0;8200;14,0;68,6;8,0;60,0;0;82,3;8,0;8,0;0,00;0,00;0;0;48,3;139,0;6000;0;99;1879048192;0;0;0;0;0;0;0;0;0;0;0;31,8;57,9;1;0;0;106;0;0;0;0,0;5882;0;0;0;
25.10.2025;08:17:56;11,1;11,0;0;31,8;8,0;16,0;8,0;0;0;0,0;8;57,9;57,9;26,0;0;8200;14,1;68,6;8,0;60,0;0;81,9;8,0;8,0;0,00;0,00;0;0;48,2;139,0;6000;0;99;1879048192;0;0;0;0;0;0;0;0;0;0;0;31,8;57,9;1;0;0;106;0;0;0;0,0;5882;0;0;0;
25.10.2025;08:18:56;11,1;11,0;0;31,9;8,0;16,0;8,0;0;0;0,0;8;57,8;57,8;26,0;0;8200;14,2;68,6;8,0;60,0;0;81,6;8,0;8,0;0,00;0,00;0;0;48,0;139,0;6000;0;99;1879048192;0;0;0;0;0;0;0;0;0;0;0;31,9;57,8;1;0;0;106;0;0;0;0,0;5882;0;0;0;
25.10.2025;08:19:56;11,1;11,0;0;31,8;8,0;16,0;8,0;0;0;0,0;8;57,8;57,8;26,0;0;8200;14,1;68,5;8,0;60,0;0;81,4;8,0;8,0;0,00;0,00;0;0;48,2;139,0;6000;0;99;1879048192;0;0;0;0;0;0;0;0;0;0;0;31,8;57,8;1;0;0;106;0;0;0;0,0;5882;0;0;0;
25.10.2025;08:20:56;11,1;11,0;0;31,8;8,0;16,0;8,0;0;0;0,0;8;57,8;57,8;26,0;0;8200;14,2;68,5;8,0;60,0;0;81,2;8,0;8,0;0,00;0,00;0;0;48,1;139,0;6000;0;99;1879048192;0;0;0;0;0;0;0;0;0;0;0;31,8;57,8;1;0;0;106;0;0;0;0,0;5882;0;0;0;
25.10.2025;08:21:56;11,1;11,0;0;31,9;8,0;16,1;8,0;0;0;0,0;8;57,8;57,8;26,0;0;8200;14,3;68,5;8,0;60,0;0;81,1;8,0;8,0;0,00;0,00;0;0;48,1;139,0;6000;0;99;1879048192;0;0;0;0;0;0;0;0;0;0;0;31,9;57,8;1;0;0;106;0;0;0;0,0;5882;0;0;0;
25.10.2025;08:22:56;11,1;11,0;0;31,9;8,0;16,1;8,0;0;0;0,0;8;57,7;57,7;26,0;0;8200;14,1;68,5;8,0;60,0;0;80,9;8,0;8,0;0,00;0,00;0;0;48,1;139,0;6000;0;99;1879048192;0;0;0;0;0;0;0;0;0;0;0;31,9;57,7;1;0;0;106;0;0;0;0,0;5882;0;0;0;
25.10.2025;08:23:56;11,1;11,0;0;31,9;8,0;16,1;8,0;0;0;0,0;8;57,7;57,7;26,0;0;8200;14,1;68,5;8,0;60,0;0;80,7;8,0;8,0;0,00;0,00;0;0;48,3;139,0;6000;0;99;1879048192;0;0;0;0;0;0;0;0;0;0;0;31,9;57,7;1;0;0;106;0;0;0;0,0;5882;0;0;0;
25.10.2025;08:24:56;11,1;11,0;0;31,9;8,0;16,1;8,0;0;0;0,0;8;57,7;57,7;26,0;0;8200;14,1;68,5;8,0;60,0;0;80,5;8,0;8,0;0,00;0,00;0;0;48,2;139,0;6000;0;99;1879048192;0;0;0;0;0;0;0;0;0;0;0;31,9;57,7;1;0;0;106;0;0;0;0,0;5882;0;0;0;
25.10.2025;08:25:56;11,1;10,9;0;31,9;8,0;16,1;8,0;0;0;0,0;8;57,7;57,7;26,0;0;8200;14,1;68,4;8,0;60,0;0;80,3;8,0;8,0;0,00;0,00;0;0;48,3;139,0;6000;0;99;1879048192;0;0;0;0;0;0;0;0;0;0;0;31,9;57,7;1;0;0;106;0;0;0;0,0;5882;0;0;0;
25.10.2025;08:26:56;11,1;10,9;0;31,9;8,0;16,1;8,0;0;0;0,0;8;57,6;57,6;26,0;0;8200;14,2;68,4;8,0;60,0;0;80,0;8,0;8,0;0,00;0,00;0;0;48,2;139,0;6000;0;99;1879048192;0;0;0;0;0;0;0;0;0;0;0;31,9;57,6;1;0;0;106;0;0;0;0,0;5882;0;0;0;
25.10.2025;08:27:56;11,1;10,9;0;31,9;8,0;16,1;8,0;0;0;0,0;8;57,7;57,7;26,0;0;8200;14,3;68,4;8,0;60,0;0;79,7;8,0;8,0;0,00;0,00;0;0;48,4;139,0;6000;0;99;1879048192;0;0;0;0;0;0;0;0;0;0;0;31,9;57,7;1;0;0;106;0;0;0;0,0;5882;0;0;0;
25.10.2025;08:28:56;11,0;10,9;0;31,9;8,0;16,1;8,0;0;0;0,0;8;57,6;57,6;26,0;0;8200;14,1;68,4;8,0;60,0;0;79,5;8,0;8,0;0,00;0,00;0;0;48,4;139,0;6000;0;99;1879048192;0;0;0;0;0;0;0;0;0;0;0;31,9;57,6;1;0;0;106;0;0;0;0,0;5882;0;0;0;
25.10.2025;08:29:56;11,0;10,9;0;31,9;8,0;16,1;8,0;0;0;0,0;8;57,6;57,6;26,0;0;8200;14,1;68,4;8,0;60,0;0;79,4;8,0;8,0;0,00;0,00;0;0;48,2;139,0;6000;0;99;1879048192;0;0;0;0;0;0;0;0;0;0;0;31,9;57,6;1;0;0;106;0;0;0;0,0;5882;0;0;0;
25.10.2025;08:30:56;11,0;10,9;0;32,0;8,0;16,1;8,0;0;0;0,0;8;57,6;57,6;26,0;0;8200;14,0;68,4;8,0;60,0;0;79,1;8,0;8,0;0,00;0,00;0;0;48,3;139,0;6000;0;99;1879048192;0;0;0;0;0;0;0;0;0;0;0;32,0;57,6;1;0;0;106;0;0;0;0,0;5882;0;0;0;
25.10.2025;08:31:56;11,0;10,9;0;32,0;8,0;16,2;8,0;0;0;0,0;8;57,5;57,5;26,0;0;8200;14,2;68,3;8,0;60,0;0;79,0;8,0;8,0;0,00;0,00;0;0;48,5;139,0;6000;0;99;1879048192;0;0;0;0;0;0;0;0;0;0;0;32,0;57,5;1;0;0;106;0;0;0;0,0;5882;0;0;0;
25.10.2025;08:32:56;11,0;10,9;0;31,9;8,0;16,1;8,0;0;0;0,0;8;57,5;57,5;26,0;0;8200;14,0;68,3;8,0;60,0;0;78,9;8,0;8,0;0,00;0,00;0;0;48,2;139,0;6000;0;99;1879048192;0;0;0;0;0;0;0;0;0;0;0;31,9;57,5;1;0;0;106;0;0;0;0,0;5882;0;0;0;
25.10.2025;08:33:56;11,0;10,9;0;31,9;8,0;16,1;8,0;0;0;0,0;8;57,5;57,5;26,0;0;8200;14,1;68,3;8,0;60,0;0;78,7;8,0;8,0;0,00;0,00;0;0;48,2;139,0;6000;0;99;1879048192;0;0;0;0;0;0;0;0;0;0;0;31,9;57,5;1;0;0;106;0;0;0;0,0;5882;0;0;0;
25.10.2025;08:34:56;11,0;10,9;0;32,0;8,0;16,1;8,0;0;0;0,0;8;57,5;57,5;26,0;0;8200;14,0;68,3;8,0;60,0;0;78,6;8,0;8,0;0,00;0,00;0;0;48,5;139,0;6000;0;99;1879048192;0;0;0;0;0;0;0;0;0;0;0;32,0;57,5;1;0;0;106;0;0;0;0,0;5882;0;0;0;
25.10.2025;08:35:56;11,0;10,8;0;32,0;8,0;16,0;8,0;0;0;0,0;8;57,5;57,5;26,0;0;8200;14,1;68,3;8,0;60,0;0;78,4;8,0;8,0;0,00;0,00;0;0;48,5;139,0;6000;0;99;1879048192;0;0;0;0;0;0;0;0;0;0;0;32,0;57,5;1;0;0;106;0;0;0;0,0;5882;0;0;0;
25.10.2025;08:36:56;11,0;10,8;0;32,0;8,0;16,0;8,0;0;0;0,0;8;57,4;57,4;26,0;0;8200;14,2;68,2;8,0;60,0;0;78,1;8,0;8,0;0,00;0,00;0;0;48,2;139,0;6000;0;99;1879048192;0;0;0;0;0;0;0;0;0;0;0;32,0;57,4;1;0;0;106;0;0;0;0,0;5882;0;0;0;
25.10.2025;08:37:56;11,0;10,8;0;32,0;8,0;16,1;8,0;0;0;0,0;8;57,4;57,4;26,0;0;8200;14,0;68,2;8,0;60,0;0;78,0;8,0;8,0;0,00;0,00;0;0;48,1;139,0;6000;0;99;1879048192;0;0;0;0;0;0;0;0;0;0;0;32,0;57,4;1;0;0;106;0;0;0;0,0;5882;0;0;0;
25.10.2025;08:38:56;11,0;10,8;0;32,0;8,0;16,0;8,0;0;0;0,0;8;57,4;57,4;26,0;0;8200;14,0;68,2;8,0;60,0;0;77,7;8,0;8,0;0,00;0,00;0;0;48,4;139,0;6000;0;99;1879048192;0;0;0;0;0;0;0;0;0;0;0;32,0;57,4;1;0;0;106;0;0;0;0,0;5882;0;0;0;
25.10.2025;08:39:56;11,0;10,8;0;32,0;8,0;16,0;8,0;0;0;0,0;8;57,4;57,4;26,0;0;8200;14,3;68,2;8,0;60,0;0;77,7;8,0;8,0;0,00;0,00;0;0;48,1;139,0;6000;0;99;1879048192;0;0;0;0;0;0;0;0;0;0;0;32,0;57,4;1;0;0;106;0;0;0;0,0;5882;0;0;0;
25.10.2025;08:40:56;11,0;10,8;0;32,0;8,0;16,1;8,0;0;0;0,0;8;57,3;57,3;26,0;0;8200;14,1;68,2;8,0;60,0;0;77,5;8,0;8,0;0,00;0,00;0;0;48,2;139,0;6000;0;99;1879048192;0;0;0;0;0;0;0;0;0;0;0;32,0;57,3;1;0;0;106;0;0;0;0,0;5882;0;0;0;
25.10.2025;08:41:56;11,0;10,8;0;32,0;8,0;16,1;8,0;0;0;0,0;8;57,3;57,3;26,0;0;8200;14,0;68,1;8,0;60,0;0;77,4;8,0;8,0;0,00;0,00;0;0;48,2;139,0;6000;0;99;1879048192;0;0;0;0;0;0;0;0;0;0;0;32,0;57,3;1;0;0;106;0;0;0;0,0;5882;0;0;0;
25.10.2025;08:42:56;11,0;10,8;0;32,0;8,0;16,1;8,0;0;0;0,0;8;57,3;57,3;26,0;0;8200;14,2;68,2;8,0;60,0;0;77,1;8,0;8,0;0,00;0,00;0;0;48,0;139,0;6000;0;99;1879048192;0;0;0;0;0;0;0;0;0;0;0;32,0;57,3;1;0;0;106;0;0;0;0,0;5882;0;0;0;
25.10.2025;08:43:56;11,0;10,8;0;32,0;8,0;16,1;8,0;0;0;0,0;8;57,2;57,2;26,0;0;8200;14,1;68,1;8,0;60,0;0;77,0;8,0;8,0;0,00;0,00;0;0;48,1;139,0;6000;0;99;1879048192;0;0;0;0;0;0;0;0;0;0;0;32,0;57,2;1;0;0;106;0;0;0;0,0;5882;0;0;0;
25.10.2025;08:44:56;11,0;10,8;0;32,0;8,0;16,1;8,0;0;0;0,0;8;57,2;57,2;26,0;0;8200;14,3;68,1;8,0;60,0;0;76,7;8,0;8,0;0,00;0,00;0;0;48,2;139,0;6000;0;99;1879048192;0;0;0;0;0;0;0;0;0;0;0;32,0;57,2;1;0;0;106;0;0;0;0,0;5882;0;0;0;
25.10.2025;08:45:56;11,0;10,8;0;32,0;8,0;16,1;8,0;0;0;0,0;8;57,2;57,2;26,0;0;8200;14,2;68,1;8,0;60,0;0;76,5;8,0;8,0;0,00;0,00;0;0;48,2;139,0;6000;0;99;1879048192;0;0;0;0;0;0;0;0;0;0;0;32,0;57,2;1;0;0;106;0;0;0;0,0;5882;0;0;0;
25.10.2025;08:46:56;10,9;10,8;0;32,0;8,0;16,1;8,0;0;0;0,0;8;57,2;57,2;26,0;0;8200;14,0;68,1;8,0;60,0;0;76,4;8,0;8,0;0,00;0,00;0;0;48,2;139,0;6000;0;99;1879048192;0;0;0;0;0;0;0;0;0;0;0;32,0;57,2;1;0;0;106;0;0;0;0,0;5882;0;0;0;
25.10.2025;08:47:56;10,9;10,8;0;32,0;8,0;16,1;8,0;0;0;0,0;8;57,2;57,2;26,0;0;8200;14,1;68,1;8,0;60,0;0;76,3;8,0;8,0;0,00;0,00;0;0;48,2;139,0;6000;0;99;1879048192;0;0;0;0;0;0;0;0;0;0;0;32,0;57,2;1;0;0;106;0;0;0;0,0;5882;0;0;0;
25.10.2025;08:48:56;10,9;10,8;0;32,0;8,0;16,1;8,0;0;0;0,0;8;57,1;57,1;26,0;0;8200;14,2;68,1;8,0;60,0;0;76,2;8,0;8,0;0,00;0,00;0;0;48,2;139,0;6000;0;99;1879048192;0;0;0;0;0;0;0;0;0;0;0;32,0;57,1;1;0;0;106;0;0;0;0,0;5882;0;0;0;
25.10.2025;08:49:56;10,9;10,8;0;32,0;8,0;16,1;8,0;0;0;0,0;8;57,1;57,1;26,0;0;8200;14,1;68,1;8,0;60,0;0;76,1;8,0;8,0;0,00;0,00;0;0;48,2;139,0;6000;0;99;1879048192;0;0;0;0;0;0;0;0;0;0;0;32,0;57,1;1;0;0;106;0;0;0;0,0;5882;0;0;0;
25.10.2025;08:50:56;10,9;10,8;0;32,0;8,0;16,1;8,0;0;0;0,0;8;57,1;57,1;26,0;0;8200;14,2;68,1;8,0;60,0;0;75,9;8,0;8,0;0,00;0,00;0;0;48,2;139,0;6000;0;99;1879048192;0;0;0;0;0;0;0;0;0;0;0;32,0;57,1;1;0;0;106;0;0;0;0,0;5882;0;0;0;
25.10.2025;08:51:56;10,9;10,8;0;32,0;8,0;16,1;8,0;0;0;0,0;8;57,1;57,1;26,0;0;8200;14,1;68,1;8,0;60,0;0;75,7;8,0;8,0;0,00;0,00;0;0;48,2;139,0;6000;0;99;1879048192;0;0;0;0;0;0;0;0;0;0;0;32,0;57,1;1;0;0;106;0;0;0;0,0;5882;0;0;0;
25.10.2025;08:52:56;10,9;10,8;0;32,0;8,0;16,0;8,0;0;0;0,0;8;57,1;57,1;26,0;0;8200;14,1;68,0;8,0;60,0;0;75,6;8,0;8,0;0,00;0,00;0;0;48,1;139,0;6000;0;99;1879048192;0;0;0;0;0;0;0;0;0;0;0;32,0;57,1;1;0;0;106;0;0;0;0,0;5882;0;0;0;
25.10.2025;08:53:56;10,9;10,8;0;32,0;8,0;16,0;8,0;0;0;0,0;8;57,1;57,1;26,0;0;8200;14,0;67,9;8,0;60,0;0;75,5;8,0;8,0;0,00;0,00;0;0;48,6;139,0;6000;0;99;1879048192;0;0;0;0;0;0;0;0;0;0;0;32,0;57,1;1;0;0;106;0;0;0;0,0;5882;0;0;0;
25.10.2025;08:54:56;10,9;10,8;0;32,0;8,0;16,0;8,0;0;0;0,0;8;57,0;57,0;26,0;0;8200;14,0;68,0;8,0;60,0;0;75,3;8,0;8,0;0,00;0,00;0;0;48,0;139,0;6000;0;99;1879048192;0;0;0;0;0;0;0;0;0;0;0;32,0;57,0;1;0;0;106;0;0;0;0,0;5882;0;0;0;
25.10.2025;08:55:56;10,9;10,8;0;32,0;8,0;16,0;8,0;0;0;0,0;8;57,0;57,0;26,0;0;8200;14,1;67,9;8,0;60,0;0;75,2;8,0;8,0;0,00;0,00;0;0;48,1;139,0;6000;0;99;1879048192;0;0;0;0;0;0;0;0;0;0;0;32,0;57,0;1;0;0;106;0;0;0;0,0;5882;0;0;0;
25.10.2025;08:56:56;10,9;10,8;0;32,0;8,0;16,0;8,0;0;0;0,0;8;57,0;57,0;26,0;0;8200;14,3;67,9;8,0;60,0;0;75,0;8,0;8,0;0,00;0,00;0;0;48,1;139,0;6000;0;99;1879048192;0;0;0;0;0;0;0;0;0;0;0;32,0;57,0;1;0;0;106;0;0;0;0,0;5882;0;0;0;
25.10.2025;08:57:56;10,9;10,8;0;32,1;8,0;16,1;8,0;0;0;0,0;8;57,0;57,0;26,0;0;8200;14,1;67,9;8,0;60,0;0;75,0;8,0;8,0;0,00;0,00;0;0;48,1;139,0;6000;0;99;1879048192;0;0;0;0;0;0;0;0;0;0;0;32,1;57,0;1;0;0;106;0;0;0;0,0;5882;0;0;0;
25.10.2025;08:58:56;10,9;10,8;0;32,0;8,0;16,1;8,0;0;0;0,0;8;56,9;56,9;26,0;0;8200;14,0;67,8;8,0;60,0;0;74,8;8,0;8,0;0,00;0,00;0;0;48,2;139,0;6000;0;99;1879048192;0;0;0;0;0;0;0;0;0;0;0;32,0;56,9;1;0;0;106;0;0;0;0,0;5882;0;0;0;
25.10.2025;08:59:56;10,9;10,8;0;32,0;8,0;16,2;8,0;0;0;0,0;8;56,9;56,9;26,0;0;8200;14,1;67,8;8,0;60,0;0;74,7;8,0;8,0;0,00;0,00;0;0;48,1;139,0;6000;0;99;1879048192;0;0;0;0;0;0;0;0;0;0;0;32,0;56,9;1;0;0;106;0;0;0;0,0;5882;0;0;0;
25.10.2025;09:00:56;10,9;10,8;0;32,0;8,0;16,2;8,0;0;0;0,0;8;56,9;56,9;26,0;0;8200;14,0;67,8;8,0;60,0;0;74,5;8,0;8,0;0,00;0,00;0;0;48,1;139,0;6000;0;99;1879048192;0;0;0;0;0;0;0;0;0;0;0;32,0;56,9;1;0;0;106;0;0;0;0,0;5882;0;0;0;
25.10.2025;09:01:56;10,9;10,8;0;32,0;8,0;16,2;8,0;0;0;0,0;8;56,9;56,9;26,0;0;8200;14,2;67,8;8,0;60,0;0;74,4;8,0;8,0;0,00;0,00;0;0;48,1;139,0;6000;0;99;1879048192;0;0;0;0;0;0;0;0;0;0;0;32,0;56,9;1;0;0;106;0;0;0;0,0;5882;0;0;0;
25.10.2025;09:02:56;10,9;10,8;0;32,0;8,0;16,1;8,0;0;0;0,0;8;56,9;56,9;26,0;0;8200;14,1;67,8;8,0;60,0;0;74,4;8,0;8,0;0,00;0,00;0;0;48,1;139,0;6000;0;99;1879048192;0;0;0;0;0;0;0;0;0;0;0;32,0;56,9;1;0;0;106;0;0;0;0,0;5882;0;0;0;
25.10.2025;09:03:56;10,8;10,8;0;32,0;8,0;16,1;8,0;0;0;0,0;8;56,8;56,8;26,0;0;8200;14,0;67,7;8,0;60,0;0;74,2;8,0;8,0;0,00;0,00;0;0;48,0;139,0;6000;0;99;1879048192;0;0;0;0;0;0;0;0;0;0;0;32,0;56,8;1;0;0;106;0;0;0;0,0;5882;0;0;0;
25.10.2025;09:04:56;10,8;10,8;0;32,0;8,0;16,0;8,0;0;0;0,0;8;56,8;56,8;26,0;0;8200;14,0;67,7;8,0;60,0;0;74,1;8,0;8,0;0,00;0,00;0;0;48,1;139,0;6000;0;99;1879048192;0;0;0;0;0;0;0;0;0;0;0;32,0;56,8;1;0;0;106;0;0;0;0,0;5882;0;0;0;
25.10.2025;09:05:56;10,8;10,8;0;32,0;8,0;16,0;8,0;0;0;0,0;8;56,8;56,8;26,0;0;8200;14,3;67,7;8,0;60,0;0;74,0;8,0;8,0;0,00;0,00;0;0;48,2;139,0;6000;0;99;1879048192;0;0;0;0;0;0;0;0;0;0;0;32,0;56,8;1;0;0;106;0;0;0;0,0;5882;0;0;0;
25.10.2025;09:06:56;10,8;10,8;0;32,0;8,0;16,0;8,0;0;0;0,0;8;56,8;56,8;26,0;0;8200;14,1;67,7;8,0;60,0;0;73,9;8,0;8,0;0,00;0,00;0;0;48,1;139,0;6000;0;99;1879048192;0;0;0;0;0;0;0;0;0;0;0;32,0;56,8;1;0;0;106;0;0;0;0,0;5882;0;0;0;
25.10.2025;09:07:56;10,8;10,8;0;32,0;8,0;16,0;8,0;0;0;0,0;8;56,8;56,8;26,0;0;8200;14,0;67,6;8,0;60,0;0;73,8;8,0;8,0;0,00;0,00;0;0;48,2;139,0;6000;0;99;1879048192;0;0;0;0;0;0;0;0;0;0;0;32,0;56,8;1;0;0;106;0;0;0;0,0;5882;0;0;0;
25.10.2025;09:08:56;10,8;10,8;0;32,0;8,0;16,0;8,0;0;0;0,0;8;56,7;56,7;26,0;0;8200;14,0;67,6;8,0;60,0;0;73,8;8,0;8,0;0,00;0,00;0;0;48,2;139,0;6000;0;99;1879048192;0;0;0;0;0;0;0;0;0;0;0;32,0;56,7;1;0;0;106;0;0;0;0,0;5882;0;0;0;
25.10.2025;09:09:56;10,8;10,8;0;32,0;8,0;16,0;8,0;0;0;0,0;8;56,6;56,6;26,0;0;8200;14,0;67,6;8,0;60,0;0;73,4;8,0;8,0;0,00;0,00;0;0;48,1;139,0;6000;0;99;1879048192;0;0;0;0;0;0;0;0;0;0;0;32,0;56,6;1;0;0;106;0;0;0;0,0;5882;0;0;0;
25.10.2025;09:10:56;10,8;10,8;0;32,0;8,0;16,0;8,0;0;0;0,0;8;56,6;56,6;26,0;0;8200;14,0;67,7;8,0;60,0;0;73,5;8,0;8,0;0,00;0,00;0;0;48,0;139,0;6000;0;99;1879048192;0;0;0;0;0;0;0;0;0;0;0;32,0;56,6;1;0;0;106;0;0;0;0,0;5882;0;0;0;
25.10.2025;09:11:56;10,8;10,7;0;32,0;8,0;16,1;8,0;0;0;0,0;8;56,5;56,5;26,0;0;8200;14,0;67,6;8,0;60,0;0;73,2;8,0;8,0;0,00;0,00;0;0;47,9;139,0;6000;0;99;1879048192;0;0;0;0;0;0;0;0;0;0;0;32,0;56,5;1;0;0;106;0;0;0;0,0;5882;0;0;0;
25.10.2025;09:12:56;10,8;10,8;0;31,9;8,0;16,1;8,0;0;0;0,0;8;56,4;56,4;26,0;0;8200;14,2;67,6;8,0;60,0;0;73,3;8,0;8,0;0,00;0,00;0;0;48,0;139,0;6000;0;99;1879048192;0;0;0;0;0;0;0;0;0;0;0;31,9;56,4;1;0;0;106;0;0;0;0,0;5882;0;0;0;
25.10.2025;09:13:56;10,8;10,8;0;32,0;8,0;16,1;8,0;0;0;0,0;8;56,1;56,1;26,0;0;8200;14,0;67,5;8,0;60,0;0;73,2;8,0;8,0;0,00;0,00;0;0;48,2;139,0;6000;0;99;1879048192;0;0;0;0;0;0;0;0;0;0;0;32,0;56,1;1;0;0;106;0;0;0;0,0;5882;0;0;0;
25.10.2025;09:14:56;10,8;10,8;0;31,9;8,0;16,1;8,0;0;0;0,0;8;55,8;55,8;26,0;0;8200;14,2;67,5;8,0;60,0;0;73,1;8,0;8,0;0,00;0,00;0;0;48,0;139,0;6000;0;99;1879048192;0;0;0;0;0;0;0;0;0;0;0;31,9;55,8;1;0;0;106;0;0;0;0,0;5882;0;0;0;
25.10.2025;09:15:56;10,8;10,8;0;31,9;8,0;16,1;8,0;0;0;0,0;8;55,6;55,6;26,0;0;8200;14,2;67,5;8,0;60,0;0;72,8;8,0;8,0;0,00;0,00;0;0;47,9;139,0;6000;0;99;1879048192;0;0;0;0;0;0;0;0;0;0;0;31,9;55,6;1;0;0;106;0;0;0;0,0;5882;0;0;0;
25.10.2025;09:16:56;10,8;10,8;0;31,9;8,0;16,1;8,0;0;0;0,0;8;55,5;55,5;26,0;0;8200;14,0;67,5;8,0;60,0;0;72,6;8,0;8,0;0,00;0,00;0;0;47,9;139,0;6000;0;99;1879048192;0;0;0;0;0;0;0;0;0;0;0;31,9;55,5;1;0;0;106;0;0;0;0,0;5882;0;0;0;
25.10.2025;09:17:56;10,8;10,8;0;31,9;8,0;16,1;8,0;0;0;0,0;8;55,4;55,4;26,0;0;8200;14,3;67,5;8,0;60,0;0;72,6;8,0;8,0;0,00;0,00;0;0;47,9;139,0;6000;0;99;1879048192;0;0;0;0;0;0;0;0;0;0;0;31,9;55,4;1;0;0;106;0;0;0;0,0;5882;0;0;0;
25.10.2025;09:18:56;10,8;10,8;0;31,9;8,0;16,1;8,0;0;0;0,0;8;55,4;55,4;26,0;0;8200;14,3;67,4;8,0;60,0;0;72,6;8,0;8,0;0,00;0,00;0;0;47,9;139,0;6000;0;99;1879048192;0;0;0;0;0;0;0;0;0;0;0;31,9;55,4;1;0;0;106;0;0;0;0,0;5882;0;0;0;
25.10.2025;09:19:56;10,8;10,8;0;31,9;8,0;16,1;8,0;0;0;0,0;8;55,4;55,4;26,0;0;8200;14,3;67,4;8,0;60,0;0;72,4;8,0;8,0;0,00;0,00;0;0;47,9;139,0;6000;0;99;1879048192;0;0;0;0;0;0;0;0;0;0;0;31,9;55,4;1;0;0;106;0;0;0;0,0;5882;0;0;0;
25.10.2025;09:20:56;10,8;10,8;0;31,9;8,0;16,2;8,0;0;0;0,0;8;55,3;55,3;26,0;0;8200;14,3;67,4;8,0;60,0;0;72,4;8,0;8,0;0,00;0,00;0;0;48,0;139,0;6000;0;99;1879048192;0;0;0;0;0;0;0;0;0;0;0;31,9;55,3;1;0;0;106;0;0;0;0,0;5882;0;0;0;
25.10.2025;09:21:56;10,8;10,8;0;31,9;8,0;16,2;8,0;0;0;0,0;8;55,3;55,3;26,0;0;8200;14,2;67,3;8,0;60,0;0;72,3;8,0;8,0;0,00;0,00;0;0;48,0;139,0;6000;0;99;1879048192;0;0;0;0;0;0;0;0;0;0;0;31,9;55,3;1;0;0;106;0;0;0;0,0;5882;0;0;0;
25.10.2025;09:22:56;10,8;10,8;0;31,8;8,0;16,2;8,0;0;0;0,0;8;55,2;55,2;26,0;0;8200;14,3;67,3;8,0;60,0;0;72,2;8,0;8,0;0,00;0,00;0;0;48,4;139,0;6000;0;99;1879048192;0;0;0;0;0;0;0;0;0;0;0;31,8;55,2;1;0;0;106;0;0;0;0,0;5882;0;0;0;
25.10.2025;09:23:56;10,8;10,8;0;31,8;8,0;16,3;8,0;0;0;0,0;8;55,2;55,2;26,0;0;8200;14,2;67,3;8,0;60,0;0;72,0;8,0;8,0;0,00;0,00;0;0;48,3;139,0;6000;0;99;1879048192;0;0;0;0;0;0;0;0;0;0;0;31,8;55,2;1;0;0;106;0;0;0;0,0;5882;0;0;0;
25.10.2025;09:24:56;10,8;10,8;0;31,8;8,0;16,3;8,0;0;0;0,0;8;55,1;55,1;26,0;0;8200;14,2;67,3;8,0;60,0;0;71,8;8,0;8,0;0,00;0,00;0;0;48,0;139,0;6000;0;99;1879048192;0;0;0;0;0;0;0;0;0;0;0;31,8;55,1;1;0;0;106;0;0;0;0,0;5882;0;0;0;
25.10.2025;09:25:56;10,8;10,8;0;31,8;8,0;16,3;8,0;0;0;0,0;8;55,0;55,0;26,0;0;8200;14,3;67,2;8,0;60,0;0;71,8;8,0;8,0;0,00;0,00;0;0;47,9;139,0;6000;0;99;1879048192;0;0;0;0;0;0;0;0;0;0;0;31,8;55,0;1;0;0;106;0;0;0;0,0;5882;0;0;0;
25.10.2025;09:26:56;10,8;10,8;0;31,8;8,0;16,2;8,0;0;0;0,0;8;55,0;55,0;26,0;0;8200;14,2;67,2;8,0;60,0;0;71,7;8,0;8,0;0,00;0,00;0;0;48,0;139,0;6000;0;99;1879048192;0;0;0;0;0;0;0;0;0;0;0;31,8;55,0;1;0;0;106;0;0;0;0,0;5882;0;0;0;
25.10.2025;09:27:56;10,8;10,8;0;31,7;8,0;16,2;8,0;0;0;0,0;8;54,9;54,9;26,0;0;8200;14,1;67,2;8,0;60,0;0;71,6;8,0;8,0;0,00;0,00;0;0;48,0;139,0;6000;0;99;1879048192;0;0;0;0;0;0;0;0;0;0;0;31,7;54,9;1;0;0;106;0;0;0;0,0;5882;0;0;0;
25.10.2025;09:28:56;10,8;10,8;0;31,8;8,0;16,1;8,0;0;0;0,0;8;54,9;54,9;26,0;0;8200;14,2;67,1;8,0;60,0;0;71,5;8,0;8,0;0,00;0,00;0;0;48,1;139,0;6000;0;99;1879048192;0;0;0;0;0;0;0;0;0;0;0;31,7;54,9;1;0;0;106;0;0;0;0,0;5882;0;0;0;
25.10.2025;09:29:56;10,8;10,8;0;31,7;8,0;16,1;8,0;0;0;0,0;8;54,8;54,8;26,0;0;8200;14,4;67,2;8,0;60,0;0;71,5;8,0;8,0;0,00;0,00;0;0;48,1;139,0;6000;0;99;1879048192;0;0;0;0;0;0;0;0;0;0;0;31,7;54,8;1;0;0;106;0;0;0;0,0;5882;0;0;0;
25.10.2025;09:30:56;10,8;10,8;0;31,7;8,0;16,1;8,0;0;0;0,0;8;54,7;54,7;26,0;0;8200;14,2;67,1;8,0;60,0;0;71,3;8,0;8,0;0,00;0,00;0;0;47,8;139,0;6000;0;99;1879048192;0;0;0;0;0;0;0;0;0;0;0;31,7;54,7;1;0;0;106;0;0;0;0,0;5882;0;0;0;
25.10.2025;09:31:56;10,8;10,8;0;31,7;8,0;16,2;8,0;0;0;0,0;8;54,6;54,6;26,0;0;8200;14,4;67,1;8,0;60,0;0;71,2;8,0;8,0;0,00;0,00;0;0;47,9;139,0;6000;0;99;1879048192;0;0;0;0;0;0;0;0;0;0;0;31,7;54,6;1;0;0;106;0;0;0;0,0;5882;0;0;0;
25.10.2025;09:32:56;10,8;10,9;0;31,7;8,0;16,2;8,0;0;0;0,0;8;54,6;54,6;26,0;0;8200;14,4;67,1;8,0;60,0;0;71,2;8,0;8,0;0,00;0,00;0;0;47,9;139,0;6000;0;99;1879048192;0;0;0;0;0;0;0;0;0;0;0;31,7;54,5;1;0;0;106;0;0;0;0,0;5882;0;0;0;
25.10.2025;09:33:56;10,7;10,9;0;31,7;8,0;16,3;8,0;0;0;0,0;8;54,5;54,5;26,0;0;8200;14,5;67,0;8,0;60,0;0;71,2;8,0;8,0;0,00;0,00;0;0;48,0;139,0;6000;0;99;1879048192;0;0;0;0;0;0;0;0;0;0;0;31,7;54,5;1;0;0;106;0;0;0;0,0;5882;0;0;0;
25.10.2025;09:34:56;10,8;10,9;0;31,6;8,0;16,4;8,0;0;0;0,0;8;54,4;54,4;26,0;0;8200;14,3;67,0;8,0;60,0;0;71,1;8,0;8,0;0,00;0,00;0;0;47,9;139,0;6000;0;99;1879048192;0;0;0;0;0;0;0;0;0;0;0;31,6;54,4;1;0;0;106;0;0;0;0,0;5882;0;0;0;
25.10.2025;09:35:56;10,8;10,9;0;31,6;8,0;16,4;8,0;0;0;0,0;8;54,4;54,4;26,0;0;8200;14,3;67,0;8,0;60,0;0;70,9;8,0;8,0;0,00;0,00;0;0;48,1;139,0;6000;0;99;1879048192;0;0;0;0;0;0;0;0;0;0;0;31,6;54,4;1;0;0;106;0;0;0;0,0;5882;0;0;0;
25.10.2025;09:36:56;10,8;10,9;0;31,6;8,0;16,5;8,0;0;0;0,0;8;54,3;54,3;26,0;0;8200;14,3;66,9;8,0;60,0;0;70,8;8,0;8,0;0,00;0,00;0;0;47,9;139,0;6000;0;99;1879048192;0;0;0;0;0;0;0;0;0;0;0;31,6;54,3;1;0;0;106;0;0;0;0,0;5882;0;0;0;
25.10.2025;09:37:56;10,8;10,9;0;31,6;8,0;16,5;8,0;0;0;0,0;8;54,3;54,3;26,0;0;8200;14,3;66,9;8,0;60,0;0;70,8;8,0;8,0;0,00;0,00;0;0;48,2;139,0;6000;0;99;1879048192;0;0;0;0;0;0;0;0;0;0;0;31,6;54,3;1;0;0;106;0;0;0;0,0;5882;0;0;0;
25.10.2025;09:38:56;10,8;10,9;0;31,6;8,0;16,4;8,0;0;0;0,0;8;54,2;54,2;26,0;0;8200;14,3;66,9;8,0;60,0;0;70,6;8,0;8,0;0,00;0,00;0;0;47,7;139,0;6000;0;99;1879048192;0;0;0;0;0;0;0;0;0;0;0;31,6;54,2;1;0;0;106;0;0;0;0,0;5882;0;0;0;
25.10.2025;09:39:56;10,8;10,9;0;31,6;8,0;16,3;8,0;0;0;0,0;8;54,2;54,2;26,0;0;8200;14,3;66,9;8,0;60,0;0;70,7;8,0;8,0;0,00;0,00;0;0;48,3;139,0;6000;0;99;1879048192;0;0;0;0;0;0;0;0;0;0;0;31,6;54,2;1;0;0;106;0;0;0;0,0;5882;0;0;0;
25.10.2025;09:40:56;10,8;10,9;0;31,6;8,0;16,2;8,0;0;0;0,0;8;54,1;54,1;26,0;0;8200;14,2;66,9;8,0;60,0;0;70,4;8,0;8,0;0,00;0,00;0;0;47,9;139,0;6000;0;99;1879048192;0;0;0;0;0;0;0;0;0;0;0;31,6;54,1;1;0;0;106;0;0;0;0,0;5882;0;0;0;
25.10.2025;09:41:56;10,8;10,9;0;31,6;8,0;16,3;8,0;0;0;0,0;8;54,0;54,0;26,0;0;8200;14,2;66,9;8,0;60,0;0;70,3;8,0;8,0;0,00;0,00;0;0;47,8;139,0;6000;0;99;1879048192;0;0;0;0;0;0;0;0;0;0;0;31,6;54,0;1;0;0;106;0;0;0;0,0;5882;0;0;0;
25.10.2025;09:42:56;10,8;10,9;0;31,5;8,0;16,2;8,0;0;0;0,0;8;53,9;53,9;26,0;0;8200;14,1;66,8;8,0;60,0;0;70,2;8,0;8,0;0,00;0,00;0;0;47,9;139,0;6000;0;99;1879048192;0;0;0;0;0;0;0;0;0;0;0;31,5;53,9;1;0;0;106;0;0;0;0,0;5882;0;0;0;
25.10.2025;09:43:56;10,8;10,9;0;31,5;8,0;16,2;8,0;0;0;0,0;8;53,9;53,9;26,0;0;8200;14,4;66,8;8,0;60,0;0;70,1;8,0;8,0;0,00;0,00;0;0;47,9;139,0;6000;0;99;1879048192;0;0;0;0;0;0;0;0;0;0;0;31,5;53,9;1;0;0;106;0;0;0;0,0;5882;0;0;0;
25.10.2025;09:44:56;10,8;10,9;0;31,5;8,0;16,2;8,0;0;0;0,0;8;53,8;53,8;26,0;0;8200;14,1;66,8;8,0;60,0;0;70,0;8,0;8,0;0,00;0,00;0;0;47,8;139,0;6000;0;99;1879048192;0;0;0;0;0;0;0;0;0;0;0;31,5;53,8;1;0;0;106;0;0;0;0,0;5882;0;0;0;
25.10.2025;09:45:56;10,8;10,9;0;31,5;8,0;16,2;8,0;0;0;0,0;8;53,7;53,7;26,0;0;8200;14,1;66,8;8,0;60,0;0;70,0;8,0;8,0;0,00;0,00;0;0;47,8;139,0;6000;0;99;1879048192;0;0;0;0;0;0;0;0;0;0;0;31,5;53,7;1;0;0;106;0;0;0;0,0;5882;0;0;0;
25.10.2025;09:46:56;10,8;10,9;0;31,5;8,0;16,1;8,0;0;0;0,0;8;53,7;53,7;26,0;0;8200;14,2;66,7;8,0;60,0;0;69,9;8,0;8,0;0,00;0,00;0;0;48,0;139,0;6000;0;99;1879048192;0;0;0;0;0;0;0;0;0;0;0;31,5;53,7;1;0;0;106;0;0;0;0,0;5882;0;0;0;
25.10.2025;09:47:56;10,8;10,9;0;31,5;8,0;16,1;8,0;0;0;0,0;8;53,6;53,6;26,0;0;8200;14,2;66,7;8,0;60,0;0;69,8;8,0;8,0;0,00;0,00;0;0;48,0;139,0;6000;0;99;1879048192;0;0;0;0;0;0;0;0;0;0;0;31,5;53,6;1;0;0;106;0;0;0;0,0;5882;0;0;0;
25.10.2025;09:48:56;10,8;11,0;0;31,5;8,0;16,2;8,0;0;0;0,0;8;53,5;53,5;26,0;0;8200;14,0;66,7;8,0;60,0;0;69,8;8,0;8,0;0,00;0,00;0;0;48,0;139,0;6000;0;99;1879048192;0;0;0;0;0;0;0;0;0;0;0;31,5;53,5;1;0;0;106;0;0;0;0,0;5882;0;0;0;
25.10.2025;09:49:56;10,8;10,9;0;31,5;8,0;16,1;8,0;0;0;0,0;8;53,5;53,5;26,0;0;8200;14,0;66,7;8,0;60,0;0;69,8;8,0;8,0;0,00;0,00;0;0;47,8;139,0;6000;0;99;1879048192;0;0;0;0;0;0;0;0;0;0;0;31,5;53,5;1;0;0;106;0;0;0;0,0;5882;0;0;0;
25.10.2025;09:50:56;10,8;10,9;0;31,4;8,0;16,0;8,0;0;0;0,0;8;53,3;53,3;26,0;0;8200;14,0;66,6;8,0;60,0;0;69,7;8,0;8,0;0,00;0,00;0;0;47,8;139,0;6000;0;99;1879048192;0;0;0;0;0;0;0;0;0;0;0;31,4;53,3;1;0;0;106;0;0;0;0,0;5882;0;0;0;
25.10.2025;09:51:56;10,8;10,9;0;31,4;8,0;16,0;8,0;0;0;0,0;8;53,3;53,3;26,0;0;8200;14,0;66,6;8,0;60,0;0;69,6;8,0;8,0;0,00;0,00;0;0;47,8;139,0;6000;0;99;1879048192;0;0;0;0;0;0;0;0;0;0;0;31,4;53,3;1;0;0;106;0;0;0;0,0;5882;0;0;0;
25.10.2025;09:52:56;10,8;10,9;0;31,4;8,0;16,1;8,0;0;0;0,0;8;53,2;53,2;26,0;0;8200;14,1;66,6;8,0;60,0;0;69,5;8,0;8,0;0,00;0,00;0;0;47,8;139,0;6000;0;99;1879048192;0;0;0;0;0;0;0;0;0;0;0;31,4;53,2;1;0;0;106;0;0;0;0,0;5882;0;0;0;
25.10.2025;09:53:56;10,8;10,9;0;31,4;8,0;16,1;8,0;0;0;0,0;8;53,2;53,2;26,0;0;8200;14,3;66,6;8,0;60,0;0;69,4;8,0;8,0;0,00;0,00;0;0;48,2;139,0;6000;0;99;1879048192;0;0;0;0;0;0;0;0;0;0;0;31,4;53,2;1;0;0;106;0;0;0;0,0;5882;0;0;0;
25.10.2025;09:54:56;10,8;11,0;0;31,4;8,0;16,1;8,0;0;0;0,0;8;53,1;53,1;26,0;0;8200;14,0;66,6;8,0;60,0;0;69,3;8,0;8,0;0,00;0,00;0;0;47,8;139,0;6000;0;99;1879048192;0;0;0;0;0;0;0;0;0;0;0;31,4;53,1;1;0;0;106;0;0;0;0,0;5882;0;0;0;
25.10.2025;09:55:56;10,8;11,0;0;31,4;8,0;16,1;8,0;0;0;0,0;8;53,1;53,1;26,0;0;8200;14,0;66,4;8,0;60,0;0;69,4;8,0;8,0;0,00;0,00;0;0;48,1;139,0;6000;0;99;1879048192;0;0;0;0;0;0;0;0;0;0;0;31,4;53,1;1;0;0;106;0;0;0;0,0;5882;0;0;0;
25.10.2025;09:56:56;10,8;10,9;0;31,4;8,0;16,1;8,0;0;0;0,0;8;53,0;53,0;26,0;0;8200;14,1;66,5;8,0;60,0;0;69,1;8,0;8,0;0,00;0,00;0;0;47,8;139,0;6000;0;99;1879048192;0;0;0;0;0;0;0;0;0;0;0;31,4;53,0;1;0;0;106;0;0;0;0,0;5882;0;0;0;
25.10.2025;09:57:56;10,8;10,9;0;31,4;8,0;16,1;8,0;0;0;0,0;8;52,9;52,9;26,0;0;8200;14,1;66,4;8,0;60,0;0;69,2;8,0;8,0;0,00;0,00;0;0;48,0;139,0;6000;0;99;1879048192;0;0;0;0;0;0;0;0;0;0;0;31,4;52,9;1;0;0;106;0;0;0;0,0;5882;0;0;0;
25.10.2025;09:58:56;10,8;11,0;0;31,4;8,0;16,0;8,0;0;0;0,0;8;52,9;52,9;26,0;0;8200;13,9;66,4;8,0;60,0;0;69,0;8,0;8,0;0,00;0,00;0;0;47,9;139,0;6000;0;99;1879048192;0;0;0;0;0;0;0;0;0;0;0;31,4;52,9;1;0;0;106;0;0;0;0,0;5882;0;0;0;
25.10.2025;09:59:56;10,8;11,0;0;31,3;8,0;16,1;8,0;0;0;0,0;8;52,9;52,9;26,0;0;8200;14,0;66,3;8,0;60,0;0;69,2;8,0;8,0;0,00;0,00;0;0;47,8;139,0;6000;0;99;1879048192;0;0;0;0;0;0;0;0;0;0;0;31,3;52,9;1;0;0;106;0;0;0;0,0;5882;0;0;0;
25.10.2025;10:00:56;10,8;11,0;0;31,3;8,0;16,1;8,0;0;0;0,0;8;52,7;52,7;26,0;0;8200;14,0;66,3;8,0;60,0;0;68,9;8,0;8,0;0,00;0,00;0;0;47,9;139,0;6000;0;99;1879048192;0;0;0;0;0;0;0;0;0;0;0;31,3;52,7;1;0;0;106;0;0;0;0,0;5882;0;0;0;
25.10.2025;10:01:56;10,8;11,0;0;31,3;8,0;16,1;8,0;0;0;0,0;8;52,7;52,7;26,0;0;8200;14,2;66,3;8,0;60,0;0;68,7;8,0;8,0;0,00;0,00;0;0;48,0;139,0;6000;0;99;1879048192;0;0;0;0;0;0;0;0;0;0;0;31,3;52,7;1;0;0;106;0;0;0;0,0;5882;0;0;0;
25.10.2025;10:02:56;10,8;11,0;0;31,3;8,0;16,1;8,0;0;0;0,0;8;52,6;52,6;26,0;0;8200;14,0;66,3;8,0;60,0;0;68,6;8,0;8,0;0,00;0,00;0;0;47,7;139,0;6000;0;99;1879048192;0;0;0;0;0;0;0;0;0;0;0;31,3;52,6;1;0;0;106;0;0;0;0,0;5882;0;0;0;
25.10.2025;10:03:56;10,8;11,0;0;31,3;8,0;16,1;8,0;0;0;0,0;8;52,5;52,5;26,0;0;8200;14,0;66,4;8,0;60,0;0;68,6;8,0;8,0;0,00;0,00;0;0;47,7;139,0;6000;0;99;1879048192;0;0;0;0;0;0;0;0;0;0;0;31,3;52,5;1;0;0;106;0;0;0;0,0;5882;0;0;0;
25.10.2025;10:04:56;10,8;11,0;0;31,3;8,0;16,0;8,0;0;0;0,0;8;52,5;52,5;26,0;0;8200;14,0;66,2;8,0;60,0;0;68,6;8,0;8,0;0,00;0,00;0;0;47,8;139,0;6000;0;99;1879048192;0;0;0;0;0;0;0;0;0;0;0;31,3;52,5;1;0;0;106;0;0;0;0,0;5882;0;0;0;
25.10.2025;10:05:56;10,8;11,0;0;31,3;8,0;16,0;8,0;0;0;0,0;8;52,4;52,4;26,0;0;8200;14,0;66,3;8,0;60,0;0;68,6;8,0;8,0;0,00;0,00;0;0;47,8;139,0;6000;0;99;1879048192;0;0;0;0;0;0;0;0;0;0;0;31,3;52,4;1;0;0;106;0;0;0;0,0;5882;0;0;0;
25.10.2025;10:06:56;10,8;11,0;0;31,3;8,0;16,0;8,0;0;0;0,0;8;52,4;52,4;26,0;0;8200;14,0;66,2;8,0;60,0;0;68,5;8,0;8,0;0,00;0,00;0;0;47,8;139,0;6000;0;99;1879048192;0;0;0;0;0;0;0;0;0;0;0;31,3;52,4;1;0;0;106;0;0;0;0,0;5882;0;0;0;
25.10.2025;10:07:56;10,8;11,1;0;31,3;8,0;16,0;8,0;0;0;0,0;8;52,3;52,3;26,0;0;8200;14,0;66,2;8,0;60,0;0;68,5;8,0;8,0;0,00;0,00;0;0;48,1;139,0;6000;0;99;1879048192;0;0;0;0;0;0;0;0;0;0;0;31,3;52,3;1;0;0;106;0;0;0;0,0;5882;0;0;0;
25.10.2025;10:08:56;10,8;11,0;0;31,3;8,0;16,0;8,0;0;0;0,0;8;52,3;52,3;26,0;0;8200;14,3;66,1;8,0;60,0;0;68,4;8,0;8,0;0,00;0,00;0;0;48,0;139,0;6000;0;99;1879048192;0;0;0;0;0;0;0;0;0;0;0;31,3;52,3;1;0;0;106;0;0;0;0,0;5882;0;0;0;
25.10.2025;10:09:56;10,8;11,1;0;31,3;8,0;16,0;8,0;0;0;0,0;8;52,2;52,2;26,0;0;8200;14,0;66,2;8,0;60,0;0;68,4;8,0;8,0;0,00;0,00;0;0;47,8;139,0;6000;0;99;1879048192;0;0;0;0;0;0;0;0;0;0;0;31,3;52,2;1;0;0;106;0;0;0;0,0;5882;0;0;0;
25.10.2025;10:10:56;10,8;11,1;0;31,3;8,0;16,0;8,0;0;0;0,0;8;52,1;52,1;26,0;0;8200;14,0;66,1;8,0;60,0;0;68,3;8,0;8,0;0,00;0,00;0;0;47,8;139,0;6000;0;99;1879048192;0;0;0;0;0;0;0;0;0;0;0;31,3;52,1;1;0;0;106;0;0;0;0,0;5882;0;0;0;
25.10.2025;10:11:56;10,8;11,1;0;31,3;8,0;16,0;8,0;0;0;0,0;8;52,1;52,1;26,0;0;8200;14,0;66,1;8,0;60,0;0;68,3;8,0;8,0;0,00;0,00;0;0;47,8;139,0;6000;0;99;1879048192;0;0;0;0;0;0;0;0;0;0;0;31,3;52,1;1;0;0;106;0;0;0;0,0;5882;0;0;0;
25.10.2025;10:12:56;10,9;11,1;0;31,3;8,0;16,0;8,0;0;0;0,0;8;52,0;52,0;26,0;0;8200;14,0;66,0;8,0;60,0;0;68,2;8,0;8,0;0,00;0,00;0;0;47,8;139,0;6000;0;99;-2147483648;0;0;0;0;0;0;0;0;0;0;0;31,3;52,0;1;0;0;106;0;0;0;0,0;5882;0;0;0;
25.10.2025;10:13:56;10,9;11,1;0;31,3;8,0;16,0;8,0;0;0;0,0;8;52,0;52,0;26,0;0;8200;14,0;66,1;8,0;60,0;0;68,2;8,0;8,0;0,00;0,00;0;0;48,0;139,0;6000;0;99;1879048192;0;0;0;0;0;0;0;0;0;0;0;31,3;52,0;1;0;0;106;0;0;0;0,0;5882;0;0;0;
25.10.2025;10:14:56;10,9;11,1;0;31,3;8,0;16,0;8,0;0;0;0,0;8;51,9;51,9;26,0;0;8200;14,0;66,0;8,0;60,0;0;68,1;8,0;8,0;0,00;0,00;0;0;47,9;139,0;6000;0;99;-2147483648;0;0;0;0;0;0;0;0;0;0;0;31,3;51,9;1;0;0;106;0;0;0;0,0;5882;0;0;0;
25.10.2025;10:15:56;10,9;11,2;0;31,3;8,0;16,0;8,0;0;0;0,0;8;51,9;51,9;26,0;0;8200;14,1;66,0;8,0;60,0;0;68,0;8,0;8,0;0,00;0,00;0;0;47,7;139,0;6000;0;99;-2147483648;0;0;0;0;0;0;0;0;0;0;0;31,3;51,9;1;0;0;106;0;0;0;0,0;5882;0;0;0;
25.10.2025;10:16:56;10,9;11,2;0;31,3;8,0;16,0;8,0;0;0;0,0;8;51,8;51,8;26,0;0;8200;14,0;65,9;8,0;60,0;0;67,9;8,0;8,0;0,00;0,00;0;0;47,9;139,0;6000;0;99;-2147483648;0;0;0;0;0;0;0;0;0;0;0;31,3;51,8;1;0;0;106;0;0;0;0,0;5882;0;0;0;
25.10.2025;10:17:56;10,9;11,1;0;31,3;8,0;16,0;8,0;0;0;0,0;8;51,7;51,7;26,0;0;8200;14,0;66,0;8,0;60,0;0;67,8;8,0;8,0;0,00;0,00;0;0;47,8;139,0;6000;0;99;-2147483648;0;0;0;0;0;0;0;0;0;0;0;31,3;51,7;1;0;0;106;0;0;0;0,0;5882;0;0;0;
25.10.2025;10:18:56;10,9;11,2;0;31,3;8,0;16,0;8,0;0;0;0,0;8;51,7;51,7;26,0;0;8200;14,0;65,9;8,0;60,0;0;67,8;8,0;8,0;0,00;0,00;0;0;47,8;139,0;6000;0;99;-2147483648;0;0;0;0;0;0;0;0;0;0;0;31,3;51,7;1;0;0;106;0;0;0;0,0;5882;0;0;0;
25.10.2025;10:19:56;10,9;11,2;0;31,3;8,0;16,0;8,0;0;0;0,0;8;51,7;51,7;26,0;0;8200;14,0;65,9;8,0;60,0;0;67,7;8,0;8,0;0,00;0,00;0;0;47,9;139,0;6000;0;99;-2147483648;0;0;0;0;0;0;0;0;0;0;0;31,3;51,7;1;0;0;106;0;0;0;0,0;5882;0;0;0;
25.10.2025;10:20:56;10,9;11,2;0;31,3;8,0;16,0;8,0;0;0;0,0;8;51,6;51,6;26,0;0;8200;14,0;65,9;8,0;60,0;0;67,6;8,0;8,0;0,00;0,00;0;0;47,9;139,0;6000;0;99;-2147483648;0;0;0;0;0;0;0;0;0;0;0;31,3;51,6;1;0;0;106;0;0;0;0,0;5882;0;0;0;
25.10.2025;10:21:56;10,9;11,2;0;31,3;8,0;16,0;8,0;0;0;0,0;8;51,6;51,6;26,0;0;8200;14,0;65,8;8,0;60,0;0;67,5;8,0;8,0;0,00;0,00;0;0;47,9;139,0;6000;0;99;-2147483648;0;0;0;0;0;0;0;0;0;0;0;31,3;51,6;1;0;0;106;0;0;0;0,0;5882;0;0;0;
25.10.2025;10:22:56;10,9;11,2;0;31,3;8,0;16,0;8,0;0;0;0,0;8;51,5;51,5;26,0;0;8200;14,0;65,8;8,0;60,0;0;67,5;8,0;8,0;0,00;0,00;0;0;47,8;139,0;6000;0;99;-2147483648;0;0;0;0;0;0;0;0;0;0;0;31,3;51,5;1;0;0;106;0;0;0;0,0;5882;0;0;0;
25.10.2025;10:23:56;10,9;11,2;0;31,3;8,0;16,0;8,0;0;0;0,0;8;51,4;51,4;26,0;0;8200;14,0;65,8;8,0;60,0;0;67,5;8,0;8,0;0,00;0,00;0;0;47,8;139,0;6000;0;99;-2147483648;0;0;0;0;0;0;0;0;0;0;0;31,3;51,4;1;0;0;106;0;0;0;0,0;5882;0;0;0;
25.10.2025;10:24:56;10,9;11,2;0;31,3;8,0;16,0;8,0;0;0;0,0;8;51,4;51,4;26,0;0;8200;14,0;65,8;8,0;60,0;0;67,4;8,0;8,0;0,00;0,00;0;0;47,8;139,0;6000;0;99;-2147483648;0;0;0;0;0;0;0;0;0;0;0;31,3;51,4;1;0;0;106;0;0;0;0,0;5882;0;0;0;
25.10.2025;10:25:56;10,9;11,2;0;31,3;8,0;16,0;8,0;0;0;0,0;8;51,3;51,3;26,0;0;8200;14,2;65,7;8,0;60,0;0;67,3;8,0;8,0;0,00;0,00;0;0;48,1;139,0;6000;0;99;-2147483648;0;0;0;0;0;0;0;0;0;0;0;31,3;51,3;1;0;0;106;0;0;0;0,0;5882;0;0;0;
25.10.2025;10:26:56;10,9;11,2;0;31,3;8,0;16,0;8,0;0;0;0,0;8;51,3;51,3;26,0;0;8200;14,0;65,7;8,0;60,0;0;67,3;8,0;8,0;0,00;0,00;0;0;47,9;139,0;6000;0;99;-2147483648;0;0;0;0;0;0;0;0;0;0;0;31,3;51,3;1;0;0;106;0;0;0;0,0;5882;0;0;0;
25.10.2025;10:27:56;10,9;11,3;0;31,3;8,0;16,0;8,0;0;0;0,0;8;51,2;51,2;26,0;0;8200;14,0;65,7;8,0;60,0;0;67,2;8,0;8,0;0,00;0,00;0;0;47,9;139,0;6000;0;99;-2147483648;0;0;0;0;0;0;0;0;0;0;0;31,3;51,2;1;0;0;106;0;0;0;0,0;5882;0;0;0;
25.10.2025;10:28:56;11,0;11,2;0;31,3;8,0;16,0;8,0;0;0;0,0;8;51,2;51,2;26,0;0;8200;14,0;65,6;8,0;60,0;0;67,2;8,0;8,0;0,00;0,00;0;0;47,9;139,0;6000;0;99;-2147483648;0;0;0;0;0;0;0;0;0;0;0;31,3;51,2;1;0;0;106;0;0;0;0,0;5882;0;0;0;
25.10.2025;10:29:56;11,0;11,2;0;31,3;8,0;16,0;8,0;0;0;0,0;8;51,1;51,1;26,0;0;8200;14,0;65,6;8,0;60,0;0;67,1;8,0;8,0;0,00;0,00;0;0;47,9;139,0;6000;0;99;-2147483648;0;0;0;0;0;0;0;0;0;0;0;31,3;51,1;1;0;0;106;0;0;0;0,0;5882;0;0;0;
25.10.2025;10:30:56;11,0;11,3;0;31,3;8,0;16,1;8,0;0;0;0,0;8;51,1;51,1;26,0;0;8200;13,9;65,6;8,0;60,0;0;67,1;8,0;8,0;0,00;0,00;0;0;48,4;139,0;6000;0;99;-2147483648;0;0;0;0;0;0;0;0;0;0;0;31,3;51,1;1;0;0;106;0;0;0;0,0;5882;0;0;0;
25.10.2025;10:31:56;11,0;11,2;0;31,3;8,0;16,1;8,0;0;0;0,0;8;51,0;51,0;26,0;0;8200;14,0;65,5;8,0;60,0;0;67,0;8,0;8,0;0,00;0,00;0;0;47,8;139,0;6000;0;99;-2147483648;0;0;0;0;0;0;0;0;0;0;0;31,3;51,0;1;0;0;106;0;0;0;0,0;5882;0;0;0;
25.10.2025;10:32:56;11,0;11,2;0;31,3;8,0;16,0;8,0;0;0;0,0;8;51,0;51,0;26,0;0;8200;13,9;65,5;8,0;60,0;0;66,9;8,0;8,0;0,00;0,00;0;0;47,9;139,0;6000;0;99;-2147483648;0;0;0;0;0;0;0;0;0;0;0;31,3;51,0;1;0;0;106;0;0;0;0,0;5882;0;0;0;
25.10.2025;10:33:56;11,0;11,3;0;31,3;8,0;16,0;8,0;0;0;0,0;8;50,9;50,9;26,0;0;8200;14,1;65,5;8,0;60,0;0;66,9;8,0;8,0;0,00;0,00;0;0;47,9;139,0;6000;0;99;-2147483648;0;0;0;0;0;0;0;0;0;0;0;31,3;50,9;1;0;0;106;0;0;0;0,0;5882;0;0;0;
25.10.2025;10:34:56;11,0;11,3;0;31,3;8,0;16,0;8,0;0;0;0,0;8;50,9;50,9;26,0;0;8200;14,0;65,4;8,0;60,0;0;66,8;8,0;8,0;0,00;0,00;0;0;47,7;139,0;6000;0;99;-2147483648;0;0;0;0;0;0;0;0;0;0;0;31,3;50,9;1;0;0;106;0;0;0;0,0;5882;0;0;0;
25.10.2025;10:35:56;11,0;11,3;0;31,3;8,0;16,0;8,0;0;0;0,0;8;50,9;50,9;26,0;0;8200;14,0;65,4;8,0;60,0;0;66,8;8,0;8,0;0,00;0,00;0;0;47,9;139,0;6000;0;99;-2147483648;0;0;0;0;0;0;0;0;0;0;0;31,3;50,9;1;0;0;106;0;0;0;0,0;5882;0;0;0;
25.10.2025;10:36:56;11,0;11,3;0;31,3;8,0;16,0;8,0;0;0;0,0;8;50,8;50,8;26,0;0;8200;14,0;65,4;8,0;60,0;0;66,8;8,0;8,0;0,00;0,00;0;0;47,7;139,0;6000;0;99;-2147483648;0;0;0;0;0;0;0;0;0;0;0;31,3;50,8;1;0;0;106;0;0;0;0,0;5882;0;0;0;
25.10.2025;10:37:56;11,0;11,3;0;31,3;8,0;16,0;8,0;0;0;0,0;8;50,7;50,7;26,0;0;8200;14,0;65,4;8,0;60,0;0;66,7;8,0;8,0;0,00;0,00;0;0;47,8;139,0;6000;0;99;-2147483648;0;0;0;0;0;0;0;0;0;0;0;31,3;50,7;1;0;0;106;0;0;0;0,0;5882;0;0;0;
25.10.2025;10:38:56;11,0;11,3;0;31,3;8,0;16,0;8,0;0;0;0,0;8;50,7;50,7;26,0;0;8200;14,0;65,3;8,0;60,0;0;66,7;8,0;8,0;0,00;0,00;0;0;47,8;139,0;6000;0;99;-2147483648;0;0;0;0;0;0;0;0;0;0;0;31,3;50,7;1;0;0;106;0;0;0;0,0;5882;0;0;0;
25.10.2025;10:39:56;11,0;11,3;0;31,3;8,0;16,0;8,0;0;0;0,0;8;50,7;50,7;26,0;0;8200;14,1;65,3;8,0;60,0;0;66,6;8,0;8,0;0,00;0,00;0;0;48,1;139,0;6000;0;99;-2147483648;0;0;0;0;0;0;0;0;0;0;0;31,3;50,7;1;0;0;106;0;0;0;0,0;5882;0;0;0;
25.10.2025;10:40:56;11,0;11,3;0;31,3;8,0;16,0;8,0;0;0;0,0;8;50,6;50,6;26,0;0;8200;14,0;65,3;8,0;60,0;0;66,6;8,0;8,0;0,00;0,00;0;0;47,9;139,0;6000;0;99;-2147483648;0;0;0;0;0;0;0;0;0;0;0;31,3;50,6;1;0;0;106;0;0;0;0,0;5882;0;0;0;
25.10.2025;10:41:56;11,0;11,3;0;31,3;8,0;16,0;8,0;0;0;0,0;8;50,6;50,6;26,0;0;8200;14,0;65,3;8,0;60,0;0;66,5;8,0;8,0;0,00;0,00;0;0;47,9;139,0;6000;0;99;-2147483648;0;0;0;0;0;0;0;0;0;0;0;31,3;50,6;1;0;0;106;0;0;0;0,0;5882;0;0;0;
25.10.2025;10:42:56;11,0;11,3;0;31,3;8,0;16,0;8,0;0;0;0,0;8;50,6;50,6;26,0;0;8200;14,3;65,2;8,0;60,0;0;66,4;8,0;8,0;0,00;0,00;0;0;47,9;139,0;6000;0;99;-2147483648;0;0;0;0;0;0;0;0;0;0;0;31,3;50,6;1;0;0;106;0;0;0;0,0;5882;0;0;0;
25.10.2025;10:43:56;11,1;11,3;0;31,3;8,0;16,0;8,0;0;0;0,0;8;50,5;50,5;26,0;0;8200;14,3;65,2;8,0;60,0;0;66,3;8,0;8,0;0,00;0,00;0;0;47,9;139,0;6000;0;99;-2147483648;0;0;0;0;0;0;0;0;0;0;0;31,3;50,5;1;0;0;106;0;0;0;0,0;5882;0;0;0;
25.10.2025;10:44:56;11,1;11,3;0;31,3;8,0;16,0;8,0;0;0;0,0;8;50,5;50,5;26,0;0;8200;14,0;65,2;8,0;60,0;0;66,3;8,0;8,0;0,00;0,00;0;0;48,0;139,0;6000;0;99;-2147483648;0;0;0;0;0;0;0;0;0;0;0;31,3;50,5;1;0;0;106;0;0;0;0,0;5882;0;0;0;
25.10.2025;10:45:56;11,1;11,4;0;31,3;8,0;16,0;8,0;0;0;0,0;8;50,4;50,4;26,0;0;8200;14,0;65,1;8,0;60,0;0;66,2;8,0;8,0;0,00;0,00;0;0;48,0;139,0;6000;0;99;-2147483648;0;0;0;0;0;0;0;0;0;0;0;31,3;50,4;1;0;0;106;0;0;0;0,0;5882;0;0;0;
25.10.2025;10:46:56;11,1;11,4;0;31,3;8,0;16,0;8,0;0;0;0,0;8;50,4;50,4;26,0;0;8200;14,1;65,1;8,0;60,0;0;66,1;8,0;8,0;0,00;0,00;0;0;47,7;139,0;6000;0;99;-2147483648;0;0;0;0;0;0;0;0;0;0;0;31,3;50,4;1;0;0;106;0;0;0;0,0;5882;0;0;0;
25.10.2025;10:47:56;11,1;11,4;0;31,3;8,0;15,9;8,0;0;0;0,0;8;50,3;50,3;26,0;0;8200;14,0;65,1;8,0;60,0;0;66,1;8,0;8,0;0,00;0,00;0;0;47,8;139,0;6000;0;99;-2147483648;0;0;0;0;0;0;0;0;0;0;0;31,3;50,3;1;0;0;106;0;0;0;0,0;5882;0;0;0;
25.10.2025;10:48:56;11,1;11,4;0;31,2;8,0;15,9;8,0;0;0;0,0;8;50,3;50,3;26,0;0;8200;14,0;65,1;8,0;60,0;0;66,1;8,0;8,0;0,00;0,00;0;0;48,1;139,0;6000;0;99;-2147483648;0;0;0;0;0;0;0;0;0;0;0;31,2;50,3;1;0;0;106;0;0;0;0,0;5882;0;0;0;
25.10.2025;10:49:56;11,1;11,4;0;31,2;8,0;15,9;8,0;0;0;0,0;8;50,3;50,3;26,0;0;8200;14,0;65,0;8,0;60,0;0;66,0;8,0;8,0;0,00;0,00;0;0;47,8;139,0;6000;0;99;-2147483648;0;0;0;0;0;0;0;0;0;0;0;31,2;50,3;1;0;0;106;0;0;0;0,0;5882;0;0;0;
25.10.2025;10:50:56;11,1;11,4;0;31,2;8,0;15,9;8,0;0;0;0,0;8;50,2;50,2;26,0;0;8200;13,9;65,0;8,0;60,0;0;66,0;8,0;8,0;0,00;0,00;0;0;48,0;139,0;6000;0;99;-2147483648;0;0;0;0;0;0;0;0;0;0;0;31,2;50,2;1;0;0;106;0;0;0;0,0;5882;0;0;0;
25.10.2025;10:51:56;11,1;11,4;0;31,3;8,0;15,9;8,0;0;0;0,0;8;50,2;50,2;26,0;0;8200;14,0;65,0;8,0;60,0;0;65,9;8,0;8,0;0,00;0,00;0;0;47,8;139,0;6000;0;99;-2147483648;0;0;0;0;0;0;0;0;0;0;0;31,3;50,2;1;0;0;106;0;0;0;0,0;5882;0;0;0;
25.10.2025;10:52:56;11,1;11,4;0;31,3;8,0;15,9;8,0;0;0;0,0;8;50,2;50,2;26,0;0;8200;13,9;64,9;8,0;60,0;0;65,9;8,0;8,0;0,00;0,00;0;0;47,8;139,0;6000;0;99;-2147483648;0;0;0;0;0;0;0;0;0;0;0;31,3;50,2;1;0;0;106;0;0;0;0,0;5882;0;0;0;
25.10.2025;10:53:56;11,1;11,4;0;31,2;8,0;15,9;8,0;0;0;0,0;8;50,1;50,1;26,0;0;8200;14,0;64,9;8,0;60,0;0;65,7;8,0;8,0;0,00;0,00;0;0;47,9;139,0;6000;0;99;-2147483648;0;0;0;0;0;0;0;0;0;0;0;31,2;50,1;1;0;0;106;0;0;0;0,0;5882;0;0;0;
25.10.2025;10:54:56;11,1;11,4;0;31,2;8,0;15,9;8,0;0;0;0,0;8;50,1;50,1;26,0;0;8200;14,0;64,9;8,0;60,0;0;65,8;8,0;8,0;0,00;0,00;0;0;47,8;139,0;6000;0;99;-2147483648;0;0;0;0;0;0;0;0;0;0;0;31,2;50,1;1;0;0;106;0;0;0;0,0;5882;0;0;0;
25.10.2025;10:55:56;11,2;11,4;0;31,2;8,0;16,0;8,0;0;0;0,0;8;50,1;50,1;26,0;0;8200;14,0;64,9;8,0;60,0;0;65,7;8,0;8,0;0,00;0,00;0;0;48,2;139,0;6000;0;99;-2147483648;0;0;0;0;0;0;0;0;0;0;0;31,2;50,1;1;0;0;106;0;0;0;0,0;5882;0;0;0;
25.10.2025;10:56:56;11,2;11,4;0;31,2;8,0;16,0;8,0;0;0;0,0;8;50,0;50,0;26,0;0;8200;14,0;64,8;8,0;60,0;0;65,6;8,0;8,0;0,00;0,00;0;0;48,0;139,0;6000;0;99;-2147483648;0;0;0;0;0;0;0;0;0;0;0;31,2;50,0;1;0;0;106;0;0;0;0,0;5882;0;0;0;
25.10.2025;10:57:56;11,2;11,4;0;31,2;8,0;16,0;8,0;0;0;0,0;8;50,0;50,0;26,0;0;8200;14,0;64,8;8,0;60,0;0;65,6;8,0;8,0;0,00;0,00;0;0;47,8;139,0;6000;0;99;-2147483648;0;0;0;0;0;0;0;0;0;0;0;31,2;50,0;1;0;0;106;0;0;0;0,0;5882;0;0;0;
25.10.2025;10:58:56;11,2;11,4;0;31,2;8,0;16,0;8,0;0;0;0,0;8;49,9;49,9;26,0;0;8200;14,0;64,8;8,0;60,0;0;65,5;8,0;8,0;0,00;0,00;0;0;47,9;139,0;6000;0;99;-2147483648;0;0;0;0;0;0;0;0;0;0;0;31,2;49,9;1;0;0;106;0;0;0;0,0;5882;0;0;0;
25.10.2025;10:59:56;11,2;11,5;0;31,2;8,0;16,0;8,0;0;0;0,0;8;49,9;49,9;26,0;0;8200;14,1;64,8;8,0;60,0;0;65,5;8,0;8,0;0,00;0,00;0;0;48,0;139,0;6000;0;99;-2147483648;0;0;0;0;0;0;0;0;0;0;0;31,2;49,9;1;0;0;106;0;0;0;0,0;5882;0;0;0;
25.10.2025;11:00:56;11,2;11,4;0;31,2;8,0;16,0;8,0;0;0;0,0;8;49,9;49,9;26,0;0;8200;14,0;64,7;8,0;60,0;0;65,3;8,0;8,0;0,00;0,00;0;0;48,0;139,0;6000;0;99;-2147483648;0;0;0;0;0;0;0;0;0;0;0;31,2;49,9;1;0;0;106;0;0;0;0,0;5882;0;0;0;
25.10.2025;11:01:56;11,2;11,5;0;31,2;8,0;15,9;8,0;0;0;0,0;8;49,9;49,9;26,0;0;8200;13,9;64,7;8,0;60,0;0;65,3;8,0;8,0;0,00;0,00;0;0;48,0;139,0;6000;0;99;-2147483648;0;0;0;0;0;0;0;0;0;0;0;31,2;49,9;1;0;0;106;0;0;0;0,0;5882;0;0;0;
25.10.2025;11:02:56;11,2;11,5;0;31,2;8,0;15,9;8,0;0;0;0,0;8;49,8;49,8;26,0;0;8200;14,0;64,7;8,0;60,0;0;65,2;8,0;8,0;0,00;0,00;0;0;47,7;139,0;6000;0;99;-2147483648;0;0;0;0;0;0;0;0;0;0;0;31,2;49,8;1;0;0;106;0;0;0;0,0;5882;0;0;0;
25.10.2025;11:03:56;11,2;11,5;0;31,2;8,0;15,9;8,0;0;0;0,0;8;49,8;49,8;26,0;0;8200;14,3;64,6;8,0;60,0;0;65,1;8,0;8,0;0,00;0,00;0;0;48,2;139,0;6000;0;99;-2147483648;0;0;0;0;0;0;0;0;0;0;0;31,2;49,8;1;0;0;106;0;0;0;0,0;5882;0;0;0;
25.10.2025;11:04:56;11,2;11,4;0;31,1;8,0;15,9;8,0;0;0;0,0;8;49,7;49,7;26,0;0;8200;13,8;64,6;8,0;60,0;0;65,1;8,0;8,0;0,00;0,00;0;0;47,8;139,0;6000;0;99;-2147483648;0;0;0;0;0;0;0;0;0;0;0;31,1;49,7;1;0;0;106;0;0;0;0,0;5882;0;0;0;
25.10.2025;11:05:56;11,2;11,4;0;31,2;8,0;15,9;8,0;0;0;0,0;8;49,7;49,7;26,0;0;8200;13,9;64,6;8,0;60,0;0;65,2;8,0;8,0;0,00;0,00;0;0;48,0;139,0;6000;0;99;-2147483648;0;0;0;0;0;0;0;0;0;0;0;31,2;49,7;1;0;0;106;0;0;0;0,0;5882;0;0;0;
25.10.2025;11:06:56;11,2;11,4;0;31,1;8,0;15,9;8,0;0;0;0,0;8;49,6;49,6;26,0;0;8200;14,0;64,5;8,0;60,0;0;65,1;8,0;8,0;0,00;0,00;0;0;47,9;139,0;6000;0;99;-2147483648;0;0;0;0;0;0;0;0;0;0;0;31,1;49,6;1;0;0;106;0;0;0;0,0;5882;0;0;0;
25.10.2025;11:07:56;11,2;11,4;0;31,1;8,0;16,0;8,0;0;0;0,0;8;49,6;49,6;26,0;0;8200;14,0;64,5;8,0;60,0;0;65,0;8,0;8,0;0,00;0,00;0;0;47,9;139,0;6000;0;99;-2147483648;0;0;0;0;0;0;0;0;0;0;0;31,1;49,6;1;0;0;106;0;0;0;0,0;5882;0;0;0;
25.10.2025;11:08:56;11,2;11,4;0;31,1;8,0;16,0;8,0;0;0;0,0;8;49,6;49,6;26,0;0;8200;14,0;64,5;8,0;60,0;0;65,0;8,0;8,0;0,00;0,00;0;0;47,8;139,0;6000;0;99;-2147483648;0;0;0;0;0;0;0;0;0;0;0;31,1;49,6;1;0;0;106;0;0;0;0,0;5882;0;0;0;
25.10.2025;11:09:56;11,3;11,5;0;31,1;8,0;16,0;8,0;0;0;0,0;8;49,6;49,6;26,0;0;8200;14,1;64,4;8,0;60,0;0;65,0;8,0;8,0;0,00;0,00;0;0;47,8;139,0;6000;0;99;-2147483648;0;0;0;0;0;0;0;0;0;0;0;31,1;49,6;1;0;0;106;0;0;0;0,0;5882;0;0;0;
25.10.2025;11:10:56;11,3;11,4;0;31,1;8,0;16,0;8,0;0;0;0,0;8;49,5;49,5;26,0;0;8200;14,0;64,4;8,0;60,0;0;64,9;8,0;8,0;0,00;0,00;0;0;47,7;139,0;6000;0;99;-2147483648;0;0;0;0;0;0;0;0;0;0;0;31,1;49,5;1;0;0;106;0;0;0;0,0;5882;0;0;0;
25.10.2025;11:11:56;11,3;11,5;0;31,1;8,0;16,0;8,0;0;0;0,0;8;49,5;49,5;26,0;0;8200;14,1;64,4;8,0;60,0;0;64,9;8,0;8,0;0,00;0,00;0;0;47,8;139,0;6000;0;99;-2147483648;0;0;0;0;0;0;0;0;0;0;0;31,1;49,5;1;0;0;106;0;0;0;0,0;5882;0;0;0;
25.10.2025;11:12:56;11,3;11,6;0;31,1;8,0;16,0;8,0;0;0;0,0;8;49,5;49,5;26,0;0;8200;14,0;64,4;8,0;60,0;0;65,0;8,0;8,0;0,00;0,00;0;0;48,0;139,0;6000;0;99;-2147483648;0;0;0;0;0;0;0;0;0;0;0;31,1;49,5;1;0;0;106;0;0;0;0,0;5882;0;0;0;
25.10.2025;11:13:56;11,3;11,5;0;31,1;8,0;16,0;8,0;0;0;0,0;8;49,4;49,4;26,0;0;8200;14,5;64,4;8,0;60,0;0;64,7;8,0;8,0;0,00;0,00;0;0;47,6;139,0;6000;0;99;-2147483648;0;0;0;0;0;0;0;0;0;0;0;31,1;49,4;1;0;0;106;0;0;0;0,0;5882;0;0;0;
25.10.2025;11:14:56;11,3;11,5;0;31,1;8,0;16,0;8,0;0;0;0,0;8;49,4;49,4;26,0;0;8200;13,9;64,2;8,0;60,0;0;64,9;8,0;8,0;0,00;0,00;0;0;47,7;139,0;6000;0;99;-2147483648;0;0;0;0;0;0;0;0;0;0;0;31,1;49,4;1;0;0;106;0;0;0;0,0;5882;0;0;0;
25.10.2025;11:15:56;11,3;11,5;0;31,1;8,0;16,0;8,0;0;0;0,0;8;49,4;49,4;26,0;0;8200;13,9;64,3;8,0;60,0;0;64,8;8,0;8,0;0,00;0,00;0;0;47,8;139,0;6000;0;99;-2147483648;0;0;0;0;0;0;0;0;0;0;0;31,1;49,4;1;0;0;106;0;0;0;0,0;5882;0;0;0;
25.10.2025;11:16:56;11,3;11,5;0;31,1;8,0;16,0;8,0;0;0;0,0;8;49,4;49,4;26,0;0;8200;14,1;64,3;8,0;60,0;0;64,8;8,0;8,0;0,00;0,00;0;0;48,1;139,0;6000;0;99;-2147483648;0;0;0;0;0;0;0;0;0;0;0;31,1;49,4;1;0;0;106;0;0;0;0,0;5882;0;0;0;
25.10.2025;11:17:56;11,3;11,5;0;31,1;8,0;16,0;8,0;0;0;0,0;8;49,3;49,3;26,0;0;8200;14,0;64,2;8,0;60,0;0;64,6;8,0;8,0;0,00;0,00;0;0;47,7;139,0;6000;0;99;-2147483648;0;0;0;0;0;0;0;0;0;0;0;31,1;49,3;1;0;0;106;0;0;0;0,0;5882;0;0;0;
25.10.2025;11:18:56;11,3;11,5;0;31,1;8,0;16,0;8,0;0;0;0,0;8;49,3;49,3;26,0;0;8200;14,0;64,2;8,0;60,0;0;64,6;8,0;8,0;0,00;0,00;0;0;47,7;139,0;6000;0;99;-2147483648;0;0;0;0;0;0;0;0;0;0;0;31,1;49,3;1;0;0;106;0;0;0;0,0;5882;0;0;0;
25.10.2025;11:19:56;11,3;11,6;0;31,0;8,0;16,0;8,0;0;0;0,0;8;49,3;49,3;26,0;0;8200;14,0;64,2;8,0;60,0;0;64,5;8,0;8,0;0,00;0,00;0;0;47,7;139,0;6000;0;99;-2147483648;0;0;0;0;0;0;0;0;0;0;0;31,0;49,3;1;0;0;106;0;0;0;0,0;5882;0;0;0;
25.10.2025;11:20:56;11,3;11,6;0;31,0;8,0;16,0;8,0;0;0;0,0;8;49,2;49,2;26,0;0;8200;14,2;64,1;8,0;60,0;0;64,5;8,0;8,0;0,00;0,00;0;0;47,8;139,0;6000;0;99;-2147483648;0;0;0;0;0;0;0;0;0;0;0;31,1;49,2;1;0;0;106;0;0;0;0,0;5882;0;0;0;
25.10.2025;11:21:56;11,3;11,5;0;31,1;8,0;16,0;8,0;0;0;0,0;8;49,2;49,2;26,0;0;8200;14,0;64,1;8,0;60,0;0;64,5;8,0;8,0;0,00;0,00;0;0;47,7;139,0;6000;0;99;-2147483648;0;0;0;0;0;0;0;0;0;0;0;31,1;49,2;1;0;0;106;0;0;0;0,0;5882;0;0;0;
25.10.2025;11:22:56;11,3;11,6;0;31,0;8,0;16,0;8,0;0;0;0,0;8;49,2;49,2;26,0;0;8200;13,9;64,1;8,0;60,0;0;64,4;8,0;8,0;0,00;0,00;0;0;47,9;139,0;6000;0;99;-2147483648;0;0;0;0;0;0;0;0;0;0;0;31,0;49,2;1;0;0;106;0;0;0;0,0;5882;0;0;0;
25.10.2025;11:23:56;11,3;11,5;0;31,0;8,0;16,0;8,0;0;0;0,0;8;49,1;49,1;26,0;0;8200;14,1;64,1;8,0;60,0;0;64,3;8,0;8,0;0,00;0,00;0;0;47,7;139,0;6000;0;99;-2147483648;0;0;0;0;0;0;0;0;0;0;0;31,0;49,1;1;0;0;106;0;0;0;0,0;5882;0;0;0;
25.10.2025;11:24:56;11,3;11,5;0;31,0;8,0;16,0;8,0;0;0;0,0;8;49,1;49,1;26,0;0;8200;13,9;64,0;8,0;60,0;0;64,4;8,0;8,0;0,00;0,00;0;0;47,7;139,0;6000;0;99;-2147483648;0;0;0;0;0;0;0;0;0;0;0;31,0;49,1;1;0;0;106;0;0;0;0,0;5882;0;0;0;
25.10.2025;11:25:56;11,4;11,6;0;31,0;8,0;15,9;8,0;0;0;0,0;8;49,1;49,1;26,0;0;8200;14,0;64,0;8,0;60,0;0;64,3;8,0;8,0;0,00;0,00;0;0;47,7;139,0;6000;0;99;-2147483648;0;0;0;0;0;0;0;0;0;0;0;31,0;49,1;1;0;0;106;0;0;0;0,0;5882;0;0;0;
25.10.2025;11:26:56;11,4;11,6;0;31,0;8,0;15,9;8,0;0;0;0,0;8;49,1;49,1;26,0;0;8200;14,0;64,0;8,0;60,0;0;64,3;8,0;8,0;0,00;0,00;0;0;47,7;139,0;6000;0;99;-2147483648;0;0;0;0;0;0;0;0;0;0;0;31,0;49,1;1;0;0;106;0;0;0;0,0;5882;0;0;0;
25.10.2025;11:27:56;11,4;11,5;0;31,0;8,0;15,9;8,0;0;0;0,0;8;49,0;49,0;26,0;0;8200;14,0;63,9;8,0;60,0;0;64,3;8,0;8,0;0,00;0,00;0;0;47,7;139,0;6000;0;99;-2147483648;0;0;0;0;0;0;0;0;0;0;0;31,0;49,0;1;0;0;106;0;0;0;0,0;5882;0;0;0;
25.10.2025;11:28:56;11,4;11,6;0;31,0;8,0;15,9;8,0;0;0;0,0;8;49,0;49,0;26,0;0;8200;14,0;63,9;8,0;60,0;0;64,3;8,0;8,0;0,00;0,00;0;0;47,7;139,0;6000;0;99;-2147483648;0;0;0;0;0;0;0;0;0;0;0;31,0;49,0;1;0;0;106;0;0;0;0,0;5882;0;0;0;
25.10.2025;11:29:56;11,4;11,6;0;31,0;8,0;15,9;8,0;0;0;0,0;8;49,0;49,0;26,0;0;8200;14,0;63,9;8,0;60,0;0;64,2;8,0;8,0;0,00;0,00;0;0;47,7;139,0;6000;0;99;-2147483648;0;0;0;0;0;0;0;0;0;0;0;31,0;49,0;1;0;0;106;0;0;0;0,0;5882;0;0;0;
25.10.2025;11:30:56;11,4;11,6;0;31,0;8,0;16,0;8,0;0;0;0,0;8;49,0;49,0;26,0;0;8200;14,0;63,9;8,0;60,0;0;64,2;8,0;8,0;0,00;0,00;0;0;47,7;139,0;6000;0;99;-2147483648;0;0;0;0;0;0;0;0;0;0;0;31,0;49,0;1;0;0;106;0;0;0;0,0;5882;0;0;0;
25.10.2025;11:31:56;11,4;11,6;0;31,0;8,0;16,0;8,0;0;0;0,0;8;49,0;49,0;26,0;0;8200;14,0;63,8;8,0;60,0;0;64,1;8,0;8,0;0,00;0,00;0;0;47,7;139,0;6000;0;99;-2147483648;0;0;0;0;0;0;0;0;0;0;0;31,0;49,0;1;0;0;106;0;0;0;0,0;5882;0;0;0;
25.10.2025;11:32:56;11,4;11,6;0;31,0;8,0;16,0;8,0;0;0;0,0;8;48,9;48,9;26,0;0;8200;13,9;63,8;8,0;60,0;0;64,1;8,0;8,0;0,00;0,00;0;0;47,7;139,0;6000;0;99;-2147483648;0;0;0;0;0;0;0;0;0;0;0;31,0;48,9;1;0;0;106;0;0;0;0,0;5882;0;0;0;
25.10.2025;11:33:56;11,4;11,6;0;31,0;8,0;16,0;8,0;0;0;0,0;8;48,9;48,9;26,0;0;8200;14,0;63,8;8,0;60,0;0;64,1;8,0;8,0;0,00;0,00;0;0;47,7;139,0;6000;0;99;-2147483648;0;0;0;0;0;0;0;0;0;0;0;31,0;48,9;1;0;0;106;0;0;0;0,0;5882;0;0;0;
25.10.2025;11:34:56;11,4;11,7;0;31,0;8,0;16,0;8,0;0;0;0,0;8;48,9;48,9;26,0;0;8200;14,0;63,8;8,0;60,0;0;64,1;8,0;8,0;0,00;0,00;0;0;47,7;139,0;6000;0;99;-2147483648;0;0;0;0;0;0;0;0;0;0;0;31,0;48,9;1;0;0;106;0;0;0;0,0;5882;0;0;0;
25.10.2025;11:35:56;11,4;11,7;0;31,0;8,0;15,9;8,0;0;0;0,0;8;48,9;48,9;26,0;0;8200;14,0;63,7;8,0;60,0;0;63,9;8,0;8,0;0,00;0,00;0;0;47,7;139,0;6000;0;99;-2147483648;0;0;0;0;0;0;0;0;0;0;0;31,0;48,9;1;0;0;106;0;0;0;0,0;5882;0;0;0;
25.10.2025;11:36:56;11,4;11,7;0;31,0;8,0;15,9;8,0;0;0;0,0;8;48,8;48,8;26,0;0;8200;14,0;63,7;8,0;60,0;0;64,0;8,0;8,0;0,00;0,00;0;0;47,8;139,0;6000;0;99;-2147483648;0;0;0;0;0;0;0;0;0;0;0;31,0;48,8;1;0;0;106;0;0;0;0,0;5882;0;0;0;
25.10.2025;11:37:56;11,4;11,7;0;30,9;8,0;15,9;8,0;0;0;0,0;8;48,8;48,8;26,0;0;8200;14,0;63,6;8,0;60,0;0;63,9;8,0;8,0;0,00;0,00;0;0;47,7;139,0;6000;0;99;-2147483648;0;0;0;0;0;0;0;0;0;0;0;30,9;48,8;1;0;0;106;0;0;0;0,0;5882;0;0;0;
25.10.2025;11:38:56;11,4;11,7;0;30,9;8,0;15,9;8,0;0;0;0,0;8;48,7;48,7;26,0;0;8200;14,4;63,7;8,0;60,0;0;63,8;8,0;8,0;0,00;0,00;0;0;47,7;139,0;6000;0;99;-2147483648;0;0;0;0;0;0;0;0;0;0;0;30,9;48,7;1;0;0;106;0;0;0;0,0;5882;0;0;0;
25.10.2025;11:39:56;11,4;11,7;0;31,0;8,0;15,9;8,0;0;0;0,0;8;48,8;48,8;26,0;0;8200;14,0;63,6;8,0;60,0;0;63,8;8,0;8,0;0,00;0,00;0;0;47,8;139,0;6000;0;99;-2147483648;0;0;0;0;0;0;0;0;0;0;0;31,0;48,8;1;0;0;106;0;0;0;0,0;5882;0;0;0;
25.10.2025;11:40:56;11,5;11,7;0;30,9;8,0;15,9;8,0;0;0;0,0;8;48,7;48,7;26,0;0;8200;13,8;63,6;8,0;60,0;0;63,7;8,0;8,0;0,00;0,00;0;0;48,1;139,0;6000;0;99;-2147483648;0;0;0;0;0;0;0;0;0;0;0;30,9;48,7;1;0;0;106;0;0;0;0,0;5882;0;0;0;
25.10.2025;11:41:56;11,5;11,8;0;30,9;8,0;15,9;8,0;0;0;0,0;8;48,7;48,7;26,0;0;8200;14,0;63,6;8,0;60,0;0;63,7;8,0;8,0;0,00;0,00;0;0;47,7;139,0;6000;0;99;-2147483648;0;0;0;0;0;0;0;0;0;0;0;30,9;48,7;1;0;0;106;0;0;0;0,0;5882;0;0;0;
25.10.2025;11:42:56;11,5;11,8;0;30,9;8,0;15,9;8,0;0;0;0,0;8;48,7;48,7;26,0;0;8200;13,9;63,5;8,0;60,0;0;63,7;8,0;8,0;0,00;0,00;0;0;47,7;139,0;6000;0;99;-2147483648;0;0;0;0;0;0;0;0;0;0;0;30,9;48,7;1;0;0;106;0;0;0;0,0;5882;0;0;0;
25.10.2025;11:43:56;11,5;11,8;0;30,9;8,0;15,9;8,0;0;0;0,0;8;48,7;48,7;26,0;0;8200;14,3;63,5;8,0;60,0;0;63,6;8,0;8,0;0,00;0,00;0;0;47,7;139,0;6000;0;99;-2147483648;0;0;0;0;0;0;0;0;0;0;0;30,9;48,7;1;0;0;106;0;0;0;0,0;5882;0;0;0;
25.10.2025;11:44:56;11,5;11,8;0;30,9;8,0;15,9;8,0;0;0;0,0;8;48,7;48,7;26,0;0;8200;14,0;63,4;8,0;60,0;0;63,6;8,0;8,0;0,00;0,00;0;0;47,8;139,0;6000;0;99;-2147483648;0;0;0;0;0;0;0;0;0;0;0;30,9;48,7;1;0;0;106;0;0;0;0,0;5882;0;0;0;
25.10.2025;11:45:56;11,5;11,8;0;30,9;8,0;15,9;8,0;0;0;0,0;8;48,6;48,6;26,0;0;8200;13,9;63,4;8,0;60,0;0;63,5;8,0;8,0;0,00;0,00;0;0;47,7;139,0;6000;0;99;-2147483648;0;0;0;0;0;0;0;0;0;0;0;30,9;48,6;1;0;0;106;0;0;0;0,0;5882;0;0;0;
25.10.2025;11:46:56;11,5;11,9;0;30,9;8,0;15,9;8,0;0;0;0,0;8;48,6;48,6;26,0;0;8200;14,2;63,4;8,0;60,0;0;63,5;8,0;8,0;0,00;0,00;0;0;47,8;139,0;6000;0;99;-2147483648;0;0;0;0;0;0;0;0;0;0;0;30,9;48,6;1;0;0;106;0;0;0;0,0;5882;0;0;0;
25.10.2025;11:47:56;11,5;11,8;0;30,9;8,0;15,9;8,0;0;0;0,0;8;48,6;48,6;26,0;0;8200;14,0;63,4;8,0;60,0;0;63,4;8,0;8,0;0,00;0,00;0;0;47,7;139,0;6000;0;99;-2147483648;0;0;0;0;0;0;0;0;0;0;0;30,9;48,6;1;0;0;106;0;0;0;0,0;5882;0;0;0;
25.10.2025;11:48:56;11,5;11,9;0;30,8;8,0;15,9;8,0;0;0;0,0;8;48,5;48,5;26,0;0;8200;14,0;63,4;8,0;60,0;0;63,4;8,0;8,0;0,00;0,00;0;0;47,8;139,0;6000;0;99;-2147483648;0;0;0;0;0;0;0;0;0;0;0;30,8;48,5;1;0;0;106;0;0;0;0,0;5882;0;0;0;
25.10.2025;11:49:56;11,5;11,9;0;30,8;8,0;15,9;8,0;0;0;0,0;8;48,5;48,5;26,0;0;8200;13,9;63,3;8,0;60,0;0;63,4;8,0;8,0;0,00;0,00;0;0;47,7;139,0;6000;0;99;-2147483648;0;0;0;0;0;0;0;0;0;0;0;30,8;48,5;1;0;0;106;0;0;0;0,0;5882;0;0;0;
25.10.2025;11:50:56;11,5;11,9;0;30,8;8,0;15,9;8,0;0;0;0,0;8;48,5;48,5;26,0;0;8200;13,9;63,3;8,0;60,0;0;63,3;8,0;8,0;0,00;0,00;0;0;47,8;139,0;6000;0;99;-2147483648;0;0;0;0;0;0;0;0;0;0;0;30,8;48,5;1;0;0;106;0;0;0;0,0;5882;0;0;0;
25.10.2025;11:51:56;11,5;11,9;0;30,9;8,0;15,9;8,0;0;0;0,0;8;48,5;48,5;26,0;0;8200;14,0;63,3;8,0;60,0;0;63,3;8,0;8,0;0,00;0,00;0;0;47,7;139,0;6000;0;99;-2147483648;0;0;0;0;0;0;0;0;0;0;0;30,9;48,5;1;0;0;106;0;0;0;0,0;5882;0;0;0;
25.10.2025;11:52:56;11,5;12,0;0;30,8;8,0;15,9;8,0;0;0;0,0;8;48,5;48,5;26,0;0;8200;14,0;63,2;8,0;60,0;0;63,3;8,0;8,0;0,00;0,00;0;0;47,7;139,0;6000;0;99;-2147483648;0;0;0;0;0;0;0;0;0;0;0;30,8;48,5;1;0;0;106;0;0;0;0,0;5882;0;0;0;
25.10.2025;11:53:56;11,6;12,0;0;30,8;8,0;16,0;8,0;0;0;0,0;8;48,5;48,5;26,0;0;8200;13,9;63,2;8,0;60,0;0;63,2;8,0;8,0;0,00;0,00;0;0;47,7;139,0;6000;0;99;-2147483648;0;0;0;0;0;0;0;0;0;0;0;30,8;48,5;1;0;0;106;0;0;0;0,0;5882;0;0;0;
25.10.2025;11:54:56;11,6;12,0;0;30,8;8,0;16,0;8,0;0;0;0,0;8;48,5;48,5;26,0;0;8200;14,0;63,2;8,0;60,0;0;63,2;8,0;8,0;0,00;0,00;0;0;47,8;139,0;6000;0;99;-2147483648;0;0;0;0;0;0;0;0;0;0;0;30,8;48,5;1;0;0;106;0;0;0;0,0;5882;0;0;0;
25.10.2025;11:55:56;11,6;12,0;0;30,8;8,0;16,0;8,0;0;0;0,0;8;48,4;48,4;26,0;0;8200;14,0;63,1;8,0;60,0;0;63,1;8,0;8,0;0,00;0,00;0;0;47,7;139,0;6000;0;99;-2147483648;0;0;0;0;0;0;0;0;0;0;0;30,8;48,4;1;0;0;106;0;0;0;0,0;5882;0;0;0;
25.10.2025;11:56:56;11,6;12,0;0;30,8;8,0;16,0;8,0;0;0;0,0;8;48,4;48,4;26,0;0;8200;14,0;63,1;8,0;60,0;0;63,1;8,0;8,0;0,00;0,00;0;0;47,7;139,0;6000;0;99;-2147483648;0;0;0;0;0;0;0;0;0;0;0;30,8;48,4;1;0;0;106;0;0;0;0,0;5882;0;0;0;
25.10.2025;11:57:56;11,6;12,0;0;30,8;8,0;16,0;8,0;0;0;0,0;8;48,4;48,4;26,0;0;8200;14,0;63,1;8,0;60,0;0;63,0;8,0;8,0;0,00;0,00;0;0;47,7;139,0;6000;0;99;-2147483648;0;0;0;0;0;0;0;0;0;0;0;30,8;48,4;1;0;0;106;0;0;0;0,0;5882;0;0;0;
25.10.2025;11:58:56;11,6;12,0;0;30,8;8,0;15,9;8,0;0;0;0,0;8;48,4;48,4;26,0;0;8200;14,0;63,0;8,0;60,0;0;63,0;8,0;8,0;0,00;0,00;0;0;47,7;139,0;6000;0;99;-2147483648;0;0;0;0;0;0;0;0;0;0;0;30,8;48,4;1;0;0;106;0;0;0;0,0;5882;0;0;0;
25.10.2025;11:59:56;11,6;12,0;0;30,8;8,0;16,0;8,0;0;0;0,0;8;48,3;48,3;26,0;0;8200;14,0;63,1;8,0;60,0;0;63,0;8,0;8,0;0,00;0,00;0;0;47,6;139,0;6000;0;99;-2147483648;0;0;0;0;0;0;0;0;0;0;0;30,8;48,3;1;0;0;106;0;0;0;0,0;5882;0;0;0;
25.10.2025;12:00:56;11,6;12,0;0;30,8;8,0;16,0;8,0;0;0;0,0;8;48,3;48,3;26,0;0;8200;13,9;63,0;8,0;60,0;0;63,0;8,0;8,0;0,00;0,00;0;0;47,6;139,0;6000;0;99;-2147483648;0;0;0;0;0;0;0;0;0;0;0;30,8;48,3;1;0;0;106;0;0;0;0,0;5882;0;0;0;
25.10.2025;12:01:56;11,6;12,0;0;30,8;8,0;16,0;8,0;0;0;0,0;8;48,3;48,3;26,0;0;8200;13,9;63,0;8,0;60,0;0;62,9;8,0;8,0;0,00;0,00;0;0;47,7;139,0;6000;0;99;-2147483648;0;0;0;0;0;0;0;0;0;0;0;30,8;48,3;1;0;0;106;0;0;0;0,0;5882;0;0;0;
25.10.2025;12:02:56;11,6;12,0;0;30,8;8,0;16,0;8,0;0;0;0,0;8;48,3;48,3;26,0;0;8200;14,0;62,9;8,0;60,0;0;62,9;8,0;8,0;0,00;0,00;0;0;47,7;139,0;6000;0;99;-2147483648;0;0;0;0;0;0;0;0;0;0;0;30,8;48,3;1;0;0;106;0;0;0;0,0;5882;0;0;0;
25.10.2025;12:03:56;11,7;12,1;0;30,8;8,0;16,0;8,0;0;0;0,0;8;48,3;48,3;26,0;0;8200;14,0;62,9;8,0;60,0;0;62,9;8,0;8,0;0,00;0,00;0;0;47,6;139,0;6000;0;99;-2147483648;0;0;0;0;0;0;0;0;0;0;0;30,8;48,3;1;0;0;106;0;0;0;0,0;5882;0;0;0;
25.10.2025;12:04:56;11,7;12,1;0;30,7;8,0;15,9;8,0;0;0;0,0;8;48,3;48,3;26,0;0;8200;14,0;62,9;8,0;60,0;0;62,9;8,0;8,0;0,00;0,00;0;0;47,7;139,0;6000;0;99;-2147483648;0;0;0;0;0;0;0;0;0;0;0;30,7;48,3;1;0;0;106;0;0;0;0,0;5882;0;0;0;
25.10.2025;12:05:56;11,7;12,1;0;30,7;8,0;15,9;8,0;0;0;0,0;8;48,2;48,2;26,0;0;8200;14,1;62,9;8,0;60,0;0;62,9;8,0;8,0;0,00;0,00;0;0;47,6;139,0;6000;0;99;-2147483648;0;0;0;0;0;0;0;0;0;0;0;30,7;48,2;1;0;0;106;0;0;0;0,0;5882;0;0;0;
25.10.2025;12:06:56;11,7;12,1;0;30,8;8,0;15,9;8,0;0;0;0,0;8;48,2;48,2;26,0;0;8200;14,0;62,9;8,0;60,0;0;62,9;8,0;8,0;0,00;0,00;0;0;47,7;139,0;6000;0;99;-2147483648;0;0;0;0;0;0;0;0;0;0;0;30,8;48,2;1;0;0;106;0;0;0;0,0;5882;0;0;0;
25.10.2025;12:07:56;11,7;12,1;0;30,7;8,0;15,9;8,0;0;0;0,0;8;48,2;48,2;26,0;0;8200;14,0;62,8;8,0;60,0;0;62,8;8,0;8,0;0,00;0,00;0;0;47,6;139,0;6000;0;99;-2147483648;0;0;0;0;0;0;0;0;0;0;0;30,7;48,2;1;0;0;106;0;0;0;0,0;5882;0;0;0;
25.10.2025;12:08:56;11,7;12,1;0;30,7;8,0;15,9;8,0;0;0;0,0;8;48,2;48,2;26,0;0;8200;14,0;62,8;8,0;60,0;0;62,7;8,0;8,0;0,00;0,00;0;0;47,7;139,0;6000;0;99;-2147483648;0;0;0;0;0;0;0;0;0;0;0;30,7;48,2;1;0;0;106;0;0;0;0,0;5882;0;0;0;
25.10.2025;12:09:56;11,7;12,1;0;30,7;8,0;15,9;8,0;0;0;0,0;8;48,2;48,2;26,0;0;8200;14,0;62,8;8,0;60,0;0;62,8;8,0;8,0;0,00;0,00;0;0;47,7;139,0;6000;0;99;-2147483648;0;0;0;0;0;0;0;0;0;0;0;30,7;48,2;1;0;0;106;0;0;0;0,0;5882;0;0;0;
25.10.2025;12:10:56;11,7;12,1;0;30,7;8,0;16,0;8,0;0;0;0,0;8;48,2;48,2;26,0;0;8200;14,0;62,8;8,0;60,0;0;62,8;8,0;8,0;0,00;0,00;0;0;47,6;139,0;6000;0;99;-2147483648;0;0;0;0;0;0;0;0;0;0;0;30,7;48,2;1;0;0;106;0;0;0;0,0;5882;0;0;0;
25.10.2025;12:11:56;11,7;12,1;0;30,7;8,0;16,0;8,0;0;0;0,0;8;48,1;48,1;26,0;0;8200;13,9;62,8;8,0;60,0;0;62,8;8,0;8,0;0,00;0,00;0;0;47,6;139,0;6000;0;99;-2147483648;0;0;0;0;0;0;0;0;0;0;0;30,7;48,1;1;0;0;106;0;0;0;0,0;5882;0;0;0;
25.10.2025;12:12:56;11,7;12,1;0;30,7;8,0;16,0;8,0;0;0;0,0;8;48,2;48,2;26,0;0;8200;14,0;62,7;8,0;60,0;0;62,7;8,0;8,0;0,00;0,00;0;0;47,7;139,0;6000;0;99;-2147483648;0;0;0;0;0;0;0;0;0;0;0;30,7;48,2;1;0;0;106;0;0;0;0,0;5882;0;0;0;
25.10.2025;12:13:56;11,8;12,1;0;30,7;8,0;15,9;8,0;0;0;0,0;8;48,1;48,1;26,0;0;8200;14,0;62,6;8,0;60,0;0;62,8;8,0;8,0;0,00;0,00;0;0;47,7;139,0;6000;0;99;-2147483648;0;0;0;0;0;0;0;0;0;0;0;30,7;48,1;1;0;0;106;0;0;0;0,0;5882;0;0;0;
25.10.2025;12:14:56;11,8;12,2;0;30,7;8,0;15,9;8,0;0;0;0,0;8;48,1;48,1;26,0;0;8200;14,0;62,6;8,0;60,0;0;62,7;8,0;8,0;0,00;0,00;0;0;47,7;139,0;6000;0;99;-2147483648;0;0;0;0;0;0;0;0;0;0;0;30,7;48,1;1;0;0;106;0;0;0;0,0;5882;0;0;0;
25.10.2025;12:15:56;11,8;12,2;0;30,6;8,0;15,9;8,0;0;0;0,0;8;48,1;48,1;26,0;0;8200;14,0;62,6;8,0;60,0;0;62,7;8,0;8,0;0,00;0,00;0;0;47,6;139,0;6000;0;99;-2147483648;0;0;0;0;0;0;0;0;0;0;0;30,6;48,1;1;0;0;106;0;0;0;0,0;5882;0;0;0;
25.10.2025;12:16:56;11,8;12,2;0;30,7;8,0;15,9;8,0;0;0;0,0;8;48,1;48,1;26,0;0;8200;14,0;62,6;8,0;60,0;0;62,7;8,0;8,0;0,00;0,00;0;0;47,9;139,0;6000;0;99;-2147483648;0;0;0;0;0;0;0;0;0;0;0;30,7;48,1;1;0;0;106;0;0;0;0,0;5882;0;0;0;
25.10.2025;12:17:56;11,8;12,2;0;30,7;8,0;15,9;8,0;0;0;0,0;8;48,1;48,1;26,0;0;8200;13,9;62,5;8,0;60,0;0;62,6;8,0;8,0;0,00;0,00;0;0;47,8;139,0;6000;0;99;-2147483648;0;0;0;0;0;0;0;0;0;0;0;30,7;48,1;1;0;0;106;0;0;0;0,0;5882;0;0;0;
25.10.2025;12:18:56;11,8;12,2;0;30,6;8,0;16,0;8,0;0;0;0,0;8;48,0;48,0;26,0;0;8200;13,9;62,5;8,0;60,0;0;62,6;8,0;8,0;0,00;0,00;0;0;47,6;139,0;6000;0;99;-2147483648;0;0;0;0;0;0;0;0;0;0;0;30,6;48,0;1;0;0;106;0;0;0;0,0;5882;0;0;0;
25.10.2025;12:19:56;11,8;12,2;0;30,6;8,0;16,0;8,0;0;0;0,0;8;48,0;48,0;26,0;0;8200;14,0;62,5;8,0;60,0;0;62,6;8,0;8,0;0,00;0,00;0;0;47,6;139,0;6000;0;99;-2147483648;0;0;0;0;0;0;0;0;0;0;0;30,6;48,0;1;0;0;106;0;0;0;0,0;5882;0;0;0;
25.10.2025;12:20:56;11,8;12,2;0;30,6;8,0;16,0;8,0;0;0;0,0;8;48,0;48,0;26,0;0;8200;14,0;62,5;8,0;60,0;0;62,5;8,0;8,0;0,00;0,00;0;0;47,8;139,0;6000;0;99;-2147483648;0;0;0;0;0;0;0;0;0;0;0;30,6;48,0;1;0;0;106;0;0;0;0,0;5882;0;0;0;
25.10.2025;12:21:56;11,9;12,2;0;30,6;8,0;16,0;8,0;0;0;0,0;8;48,0;48,0;26,0;0;8200;14,0;62,4;8,0;60,0;0;62,4;8,0;8,0;0,00;0,00;0;0;47,8;139,0;6000;0;99;-2147483648;0;0;0;0;0;0;0;0;0;0;0;30,6;48,0;1;0;0;106;0;0;0;0,0;5882;0;0;0;
25.10.2025;12:22:56;11,9;12,2;0;30,6;8,0;16,0;8,0;0;0;0,0;8;48,0;48,0;26,0;0;8200;14,0;62,4;8,0;60,0;0;62,3;8,0;8,0;0,00;0,00;0;0;47,6;139,0;6000;0;99;-2147483648;0;0;0;0;0;0;0;0;0;0;0;30,6;48,0;1;0;0;106;0;0;0;0,0;5882;0;0;0;
25.10.2025;12:23:56;11,9;12,2;0;30,6;8,0;15,9;8,0;0;0;0,0;8;48,0;48,0;26,0;0;8200;14,0;62,4;8,0;60,0;0;62,3;8,0;8,0;0,00;0,00;0;0;47,6;139,0;6000;0;99;-2147483648;0;0;0;0;0;0;0;0;0;0;0;30,6;47,9;1;0;0;106;0;0;0;0,0;5882;0;0;0;
25.10.2025;12:24:56;11,9;12,2;0;30,6;8,0;15,9;8,0;0;0;0,0;8;48,0;48,0;26,0;0;8200;13,9;62,3;8,0;60,0;0;62,3;8,0;8,0;0,00;0,00;0;0;47,7;139,0;6000;0;99;-2147483648;0;0;0;0;0;0;0;0;0;0;0;30,6;48,0;1;0;0;106;0;0;0;0,0;5882;0;0;0;
25.10.2025;12:25:56;11,9;12,3;0;30,6;8,0;15,9;8,0;0;0;0,0;8;47,9;47,9;26,0;0;8200;14,0;62,3;8,0;60,0;0;62,3;8,0;8,0;0,00;0,00;0;0;47,6;139,0;6000;0;99;-2147483648;0;0;0;0;0;0;0;0;0;0;0;30,6;47,9;1;0;0;106;0;0;0;0,0;5882;0;0;0;
25.10.2025;12:26:56;11,9;12,3;0;30,6;8,0;15,9;8,0;0;0;0,0;8;47,9;47,9;26,0;0;8200;14,0;62,3;8,0;60,0;0;62,4;8,0;8,0;0,00;0,00;0;0;47,6;139,0;6000;0;99;-2147483648;0;0;0;0;0;0;0;0;0;0;0;30,6;47,9;1;0;0;106;0;0;0;0,0;5882;0;0;0;
25.10.2025;12:27:56;11,9;12,3;0;30,5;8,0;16,0;8,0;0;0;0,0;8;47,8;47,8;26,0;0;8200;14,0;62,3;8,0;60,0;0;62,3;8,0;8,0;0,00;0,00;0;0;47,6;139,0;6000;0;99;-2147483648;0;0;0;0;0;0;0;0;0;0;0;30,5;47,8;1;0;0;106;0;0;0;0,0;5882;0;0;0;
25.10.2025;12:28:56;11,9;12,3;0;30,6;8,0;15,9;8,0;0;0;0,0;8;47,9;47,9;26,0;0;8200;14,0;62,2;8,0;60,0;0;62,3;8,0;8,0;0,00;0,00;0;0;47,7;139,0;6000;0;99;-2147483648;0;0;0;0;0;0;0;0;0;0;0;30,6;47,9;1;0;0;106;0;0;0;0,0;5882;0;0;0;
25.10.2025;12:29:56;11,9;12,4;0;30,5;8,0;15,9;8,0;0;0;0,0;8;47,8;47,8;26,0;0;8200;14,0;62,2;8,0;60,0;0;62,2;8,0;8,0;0,00;0,00;0;0;47,6;139,0;6000;0;99;-2147483648;0;0;0;0;0;0;0;0;0;0;0;30,5;47,8;1;0;0;106;0;0;0;0,0;5882;0;0;0;
25.10.2025;12:30:56;12,0;12,4;0;30,6;8,0;15,9;8,0;0;0;0,0;8;47,8;47,8;26,0;0;8200;14,0;62,1;8,0;60,0;0;62,2;8,0;8,0;0,00;0,00;0;0;47,7;139,0;6000;0;99;-2147483648;0;0;0;0;0;0;0;0;0;0;0;30,6;47,8;1;0;0;106;0;0;0;0,0;5882;0;0;0;
25.10.2025;12:31:56;12,0;12,4;0;30,5;8,0;15,9;8,0;0;0;0,0;8;47,8;47,8;26,0;0;8200;14,0;62,2;8,0;60,0;0;62,2;8,0;8,0;0,00;0,00;0;0;47,7;139,0;6000;0;99;-2147483648;0;0;0;0;0;0;0;0;0;0;0;30,5;47,8;1;0;0;106;0;0;0;0,0;5882;0;0;0;
25.10.2025;12:32:56;12,0;12,3;0;30,5;8,0;15,9;8,0;0;0;0,0;8;47,7;47,7;26,0;0;8200;13,9;62,1;8,0;60,0;0;62,0;8,0;8,0;0,00;0,00;0;0;47,7;139,0;6000;0;99;-2147483648;0;0;0;0;0;0;0;0;0;0;0;30,5;47,7;1;0;0;106;0;0;0;0,0;5882;0;0;0;
25.10.2025;12:33:56;12,0;12,5;0;30,6;8,0;15,9;8,0;0;0;0,0;8;47,9;47,9;26,0;0;8200;14,0;62,1;8,0;60,0;0;62,2;8,0;8,0;0,00;0,00;0;0;47,7;139,0;6000;0;99;-2147483648;0;0;0;0;0;0;0;0;0;0;0;30,6;47,9;1;0;0;106;0;0;0;0,0;5882;0;0;0;
25.10.2025;12:34:56;12,0;12,5;0;30,5;8,0;15,9;8,0;0;0;0,0;8;47,8;47,8;26,0;0;8200;14,0;62,1;8,0;60,0;0;62,0;8,0;8,0;0,00;0,00;0;0;47,6;139,0;6000;0;99;-2147483648;0;0;0;0;0;0;0;0;0;0;0;30,4;47,7;1;0;0;106;0;0;0;0,0;5882;0;0;0;
25.10.2025;12:35:56;12,0;12,5;0;30,6;8,0;15,9;8,0;0;0;0,0;8;47,8;47,8;26,0;0;8200;14,0;62,0;8,0;60,0;0;62,1;8,0;8,0;0,00;0,00;0;0;47,7;139,0;6000;0;99;-2147483648;0;0;0;0;0;0;0;0;0;0;0;30,6;47,8;1;0;0;106;0;0;0;0,0;5882;0;0;0;
25.10.2025;12:36:56;12,0;12,4;0;30,5;8,0;15,9;8,0;0;0;0,0;8;47,7;47,7;26,0;0;8200;14,0;62,0;8,0;60,0;0;62,0;8,0;8,0;0,00;0,00;0;0;47,6;139,0;6000;0;99;-2147483648;0;0;0;0;0;0;0;0;0;0;0;30,5;47,7;1;0;0;106;0;0;0;0,0;5882;0;0;0;
25.10.2025;12:37:56;12,1;12,5;0;30,5;8,0;15,9;8,0;0;0;0,0;8;47,7;47,7;26,0;0;8200;14,0;62,0;8,0;60,0;0;62,0;8,0;8,0;0,00;0,00;0;0;47,6;139,0;6000;0;99;-2147483648;0;0;0;0;0;0;0;0;0;0;0;30,5;47,7;1;0;0;106;0;0;0;0,0;5882;0;0;0;
25.10.2025;12:38:56;12,1;12,6;0;30,5;8,0;15,9;8,0;0;0;0,0;8;47,7;47,7;26,0;0;8200;14,0;62,0;8,0;60,0;0;62,0;8,0;8,0;0,00;0,00;0;0;47,6;139,0;6000;0;99;-2147483648;0;0;0;0;0;0;0;0;0;0;0;30,5;47,7;1;0;0;106;0;0;0;0,0;5882;0;0;0;
25.10.2025;12:39:56;12,1;12,6;0;30,5;8,0;15,9;8,0;0;0;0,0;8;47,8;47,8;26,0;0;8200;14,2;61,9;8,0;60,0;0;62,0;8,0;8,0;0,00;0,00;0;0;47,6;139,0;6000;0;99;-2147483648;0;0;0;0;0;0;0;0;0;0;0;30,5;47,8;1;0;0;106;0;0;0;0,0;5882;0;0;0;
25.10.2025;12:40:56;12,1;12,6;0;30,5;8,0;15,9;8,0;0;0;0,0;8;47,7;47,7;26,0;0;8200;14,0;61,9;8,0;60,0;0;61,8;8,0;8,0;0,00;0,00;0;0;47,7;139,0;6000;0;99;-2147483648;0;0;0;0;0;0;0;0;0;0;0;30,5;47,7;1;0;0;106;0;0;0;0,0;5882;0;0;0;
25.10.2025;12:41:56;12,1;12,6;0;30,5;8,0;16,0;8,0;0;0;0,0;8;47,7;47,7;26,0;0;8200;14,0;61,9;8,0;60,0;0;61,8;8,0;8,0;0,00;0,00;0;0;47,7;139,0;6000;0;99;-2147483648;0;0;0;0;0;0;0;0;0;0;0;30,5;47,7;1;0;0;106;0;0;0;0,0;5882;0;0;0;
25.10.2025;12:42:56;12,1;12,7;0;30,4;8,0;16,0;8,0;0;0;0,0;8;47,7;47,7;26,0;0;8200;14,0;61,9;8,0;60,0;0;61,7;8,0;8,0;0,00;0,00;0;0;47,6;139,0;6000;0;99;-2147483648;0;0;0;0;0;0;0;0;0;0;0;30,4;47,7;1;0;0;106;0;0;0;0,0;5882;0;0;0;
25.10.2025;12:43:56;12,1;12,7;0;30,4;8,0;15,9;8,0;0;0;0,0;8;47,7;47,7;26,0;0;8200;14,0;61,8;8,0;60,0;0;61,6;8,0;8,0;0,00;0,00;0;0;47,7;139,0;6000;0;99;-2147483648;0;0;0;0;0;0;0;0;0;0;0;30,4;47,7;1;0;0;106;0;0;0;0,0;5882;0;0;0;
25.10.2025;12:44:56;12,2;12,7;0;30,4;8,0;16,0;8,0;0;0;0,0;8;47,6;47,6;26,0;0;8200;13,9;61,8;8,0;60,0;0;61,5;8,0;8,0;0,00;0,00;0;0;47,7;139,0;6000;0;99;-2147483648;0;0;0;0;0;0;0;0;0;0;0;30,4;47,6;1;0;0;106;0;0;0;0,0;5882;0;0;0;
25.10.2025;12:45:56;12,2;12,7;0;30,4;8,0;15,9;8,0;0;0;0,0;8;47,6;47,6;26,0;0;8200;14,0;61,7;8,0;60,0;0;61,6;8,0;8,0;0,00;0,00;0;0;47,6;139,0;6000;0;99;-2147483648;0;0;0;0;0;0;0;0;0;0;0;30,4;47,6;1;0;0;106;0;0;0;0,0;5882;0;0;0;
25.10.2025;12:46:56;12,2;12,7;0;30,5;8,0;15,9;8,0;0;0;0,0;8;47,7;47,7;26,0;0;8200;13,9;61,7;8,0;60,0;0;61,6;8,0;8,0;0,00;0,00;0;0;47,6;139,0;6000;0;99;-2147483648;0;0;0;0;0;0;0;0;0;0;0;30,5;47,7;1;0;0;106;0;0;0;0,0;5882;0;0;0;
25.10.2025;12:47:56;12,2;12,7;0;30,4;8,0;15,9;8,0;0;0;0,0;8;47,6;47,6;26,0;0;8200;14,0;61,7;8,0;60,0;0;61,5;8,0;8,0;0,00;0,00;0;0;47,6;139,0;6000;0;99;-2147483648;0;0;0;0;0;0;0;0;0;0;0;30,4;47,6;1;0;0;106;0;0;0;0,0;5882;0;0;0;
25.10.2025;12:48:56;12,2;12,8;0;30,4;8,0;15,9;8,0;0;0;0,0;8;47,6;47,6;26,0;0;8200;14,0;61,7;8,0;60,0;0;61,5;8,0;8,0;0,00;0,00;0;0;47,7;139,0;6000;0;99;-2147483648;0;0;0;0;0;0;0;0;0;0;0;30,4;47,6;1;0;0;106;0;0;0;0,0;5882;0;0;0;
25.10.2025;12:49:56;12,2;12,8;0;30,4;8,0;15,9;8,0;0;0;0,0;8;47,6;47,6;26,0;0;8200;14,0;61,7;8,0;60,0;0;61,4;8,0;8,0;0,00;0,00;0;0;47,7;139,0;6000;0;99;-2147483648;0;0;0;0;0;0;0;0;0;0;0;30,4;47,6;1;0;0;106;0;0;0;0,0;5882;0;0;0;
25.10.2025;12:50:56;12,2;12,8;0;30,4;8,0;15,9;8,0;0;0;0,0;8;47,6;47,6;26,0;0;8200;13,9;61,7;8,0;60,0;0;61,3;8,0;8,0;0,00;0,00;0;0;47,7;139,0;6000;0;99;-2147483648;0;0;0;0;0;0;0;0;0;0;0;30,4;47,6;1;0;0;106;0;0;0;0,0;5882;0;0;0;
25.10.2025;12:51:56;12,3;12,8;0;30,4;8,0;15,9;8,0;0;0;0,0;8;47,6;47,6;26,0;0;8200;13,8;61,6;8,0;60,0;0;61,3;8,0;8,0;0,00;0,00;0;0;47,7;139,0;6000;0;99;-2147483648;0;0;0;0;0;0;0;0;0;0;0;30,4;47,6;1;0;0;106;0;0;0;0,0;5882;0;0;0;
25.10.2025;12:52:56;12,3;12,8;0;30,4;8,0;15,9;8,0;0;0;0,0;8;47,6;47,6;26,0;0;8200;13,9;61,6;8,0;60,0;0;61,3;8,0;8,0;0,00;0,00;0;0;47,6;139,0;6000;0;99;-2147483648;0;0;0;0;0;0;0;0;0;0;0;30,4;47,6;1;0;0;106;0;0;0;0,0;5882;0;0;0;
25.10.2025;12:53:56;12,3;12,8;0;30,4;8,0;15,9;8,0;0;0;0,0;8;47,6;47,6;26,0;0;8200;13,9;61,5;8,0;60,0;0;61,3;8,0;8,0;0,00;0,00;0;0;47,8;139,0;6000;0;99;-2147483648;0;0;0;0;0;0;0;0;0;0;0;30,4;47,6;1;0;0;106;0;0;0;0,0;5882;0;0;0;
25.10.2025;12:54:56;12,3;12,8;0;30,4;8,0;15,9;8,0;0;0;0,0;8;47,5;47,5;26,0;0;8200;14,0;61,5;8,0;60,0;0;61,3;8,0;8,0;0,00;0,00;0;0;47,7;139,0;6000;0;99;-2147483648;0;0;0;0;0;0;0;0;0;0;0;30,4;47,5;1;0;0;106;0;0;0;0,0;5882;0;0;0;
25.10.2025;12:55:56;12,3;12,8;0;30,4;8,0;15,9;8,0;0;0;0,0;8;47,5;47,5;26,0;0;8200;14,0;61,5;8,0;60,0;0;61,2;8,0;8,0;0,00;0,00;0;0;47,6;139,0;6000;0;99;-2147483648;0;0;0;0;0;0;0;0;0;0;0;30,4;47,5;1;0;0;106;0;0;0;0,0;5882;0;0;0;
25.10.2025;12:56:56;12,3;12,8;0;30,4;8,0;16,0;8,0;0;0;0,0;8;47,6;47,6;26,0;0;8200;13,8;61,5;8,0;60,0;0;61,2;8,0;8,0;0,00;0,00;0;0;47,6;139,0;6000;0;99;-2147483648;0;0;0;0;0;0;0;0;0;0;0;30,4;47,6;1;0;0;106;0;0;0;0,0;5882;0;0;0;
25.10.2025;12:57:56;12,3;12,8;0;30,4;8,0;16,0;8,0;0;0;0,0;8;47,5;47,5;26,0;0;8200;13,9;61,4;8,0;60,0;0;61,2;8,0;8,0;0,00;0,00;0;0;47,7;139,0;6000;0;99;-2147483648;0;0;0;0;0;0;0;0;0;0;0;30,4;47,5;1;0;0;106;0;0;0;0,0;5882;0;0;0;
25.10.2025;12:58:56;12,4;12,8;0;30,4;8,0;16,0;8,0;0;0;0,0;8;47,5;47,5;26,0;0;8200;13,9;61,4;8,0;60,0;0;61,2;8,0;8,0;0,00;0,00;0;0;47,6;139,0;6000;0;99;-2147483648;0;0;0;0;0;0;0;0;0;0;0;30,4;47,5;1;0;0;106;0;0;0;0,0;5882;0;0;0;
25.10.2025;12:59:56;12,4;12,8;0;30,3;8,0;16,0;8,0;0;0;0,0;8;47,5;47,5;26,0;0;8200;13,8;61,4;8,0;60,0;0;61,0;8,0;8,0;0,00;0,00;0;0;47,6;139,0;6000;0;99;-2147483648;0;0;0;0;0;0;0;0;0;0;0;30,3;47,5;1;0;0;106;0;0;0;0,0;5882;0;0;0;
25.10.2025;13:00:56;12,4;12,8;0;30,4;8,0;16,0;8,0;0;0;0,0;8;47,5;47,5;26,0;0;8200;13,9;61,4;8,0;60,0;0;61,1;8,0;8,0;0,00;0,00;0;0;47,6;139,0;6000;0;99;-2147483648;0;0;0;0;0;0;0;0;0;0;0;30,4;47,5;1;0;0;106;0;0;0;0,0;5882;0;0;0;
25.10.2025;13:01:56;12,4;12,8;0;30,3;8,0;16,0;8,0;0;0;0,0;8;47,5;47,5;26,0;0;8200;14,0;61,3;8,0;60,0;0;61,1;8,0;8,0;0,00;0,00;0;0;47,6;139,0;6000;0;99;-2147483648;0;0;0;0;0;0;0;0;0;0;0;30,3;47,5;1;0;0;106;0;0;0;0,0;5882;0;0;0;
25.10.2025;13:02:56;12,4;12,8;0;30,3;8,0;16,0;8,0;0;0;0,0;8;47,5;47,5;26,0;0;8200;13,9;61,3;8,0;60,0;0;61,0;8,0;8,0;0,00;0,00;0;0;47,6;139,0;6000;0;99;-2147483648;0;0;0;0;0;0;0;0;0;0;0;30,3;47,5;1;0;0;106;0;0;0;0,0;5882;0;0;0;
25.10.2025;13:03:56;12,4;12,8;0;30,3;8,0;16,0;8,0;0;0;0,0;8;47,4;47,4;26,0;0;8200;14,0;61,3;8,0;60,0;0;61,0;8,0;8,0;0,00;0,00;0;0;47,6;139,0;6000;0;99;-2147483648;0;0;0;0;0;0;0;0;0;0;0;30,3;47,4;1;0;0;106;0;0;0;0,0;5882;0;0;0;
25.10.2025;13:04:56;12,4;12,9;0;30,3;8,0;16,0;8,0;0;0;0,0;8;47,4;47,4;26,0;0;8200;13,9;61,3;8,0;60,0;0;61,1;8,0;8,0;0,00;0,00;0;0;47,6;139,0;6000;0;99;-2147483648;0;0;0;0;0;0;0;0;0;0;0;30,3;47,4;1;0;0;106;0;0;0;0,0;5882;0;0;0;
25.10.2025;13:05:56;12,4;12,8;0;30,3;8,0;15,9;8,0;0;0;0,0;8;47,4;47,4;26,0;0;8200;14,0;61,2;8,0;60,0;0;61,1;8,0;8,0;0,00;0,00;0;0;47,6;139,0;6000;0;99;-2147483648;0;0;0;0;0;0;0;0;0;0;0;30,3;47,4;1;0;0;106;0;0;0;0,0;5882;0;0;0;
25.10.2025;13:06:56;12,5;12,9;0;30,3;8,0;15,9;8,0;0;0;0,0;8;47,4;47,4;26,0;0;8200;14,0;61,2;8,0;60,0;0;61,1;8,0;8,0;0,00;0,00;0;0;47,6;139,0;6000;0;99;-2147483648;0;0;0;0;0;0;0;0;0;0;0;30,3;47,4;1;0;0;106;0;0;0;0,0;5882;0;0;0;
25.10.2025;13:07:56;12,5;12,9;0;30,3;8,0;16,0;8,0;0;0;0,0;8;47,4;47,4;26,0;0;8200;14,0;61,2;8,0;60,0;0;61,1;8,0;8,0;0,00;0,00;0;0;47,7;139,0;6000;0;99;-2147483648;0;0;0;0;0;0;0;0;0;0;0;30,3;47,4;1;0;0;106;0;0;0;0,0;5882;0;0;0;
25.10.2025;13:08:56;12,5;12,9;0;30,3;8,0;16,0;8,0;0;0;0,0;8;47,4;47,4;26,0;0;8200;13,9;61,2;8,0;60,0;0;61,0;8,0;8,0;0,00;0,00;0;0;47,6;139,0;6000;0;99;-2147483648;0;0;0;0;0;0;0;0;0;0;0;30,3;47,4;1;0;0;106;0;0;0;0,0;5882;0;0;0;
25.10.2025;13:09:56;12,5;12,9;0;30,2;8,0;15,9;8,0;0;0;0,0;8;47,4;47,4;26,0;0;8200;14,0;61,1;8,0;60,0;0;61,0;8,0;8,0;0,00;0,00;0;0;47,6;139,0;6000;0;99;-2147483648;0;0;0;0;0;0;0;0;0;0;0;30,2;47,4;1;0;0;106;0;0;0;0,0;5882;0;0;0;
25.10.2025;13:10:56;12,5;12,9;0;30,3;8,0;15,9;8,0;0;0;0,0;8;47,4;47,4;26,0;0;8200;14,0;61,1;8,0;60,0;0;61,0;8,0;8,0;0,00;0,00;0;0;47,6;139,0;6000;0;99;-2147483648;0;0;0;0;0;0;0;0;0;0;0;30,3;47,4;1;0;0;106;0;0;0;0,0;5882;0;0;0;
25.10.2025;13:11:56;12,5;13,0;0;30,3;8,0;16,0;8,0;0;0;0,0;8;47,4;47,4;26,0;0;8200;13,9;61,0;8,0;60,0;0;60,9;8,0;8,0;0,00;0,00;0;0;47,6;139,0;6000;0;99;-2147483648;0;0;0;0;0;0;0;0;0;0;0;30,3;47,4;1;0;0;106;0;0;0;0,0;5882;0;0;0;
25.10.2025;13:12:56;12,5;13,0;0;30,2;8,0;16,0;8,0;0;0;0,0;8;47,4;47,4;26,0;0;8200;13,9;61,0;8,0;60,0;0;60,9;8,0;8,0;0,00;0,00;0;0;47,7;139,0;6000;0;99;-2147483648;0;0;0;0;0;0;0;0;0;0;0;30,2;47,4;1;0;0;106;0;0;0;0,0;5882;0;0;0;
25.10.2025;13:13:56;12,6;12,9;0;30,2;8,0;16,0;8,0;0;0;0,0;8;47,4;47,4;26,0;0;8200;14,0;61,0;8,0;60,0;0;60,8;8,0;8,0;0,00;0,00;0;0;47,7;139,0;6000;0;99;-2147483648;0;0;0;0;0;0;0;0;0;0;0;30,2;47,4;1;0;0;106;0;0;0;0,0;5882;0;0;0;
25.10.2025;13:14:56;12,6;12,9;0;30,2;8,0;16,0;8,0;0;0;0,0;8;47,3;47,3;26,0;0;8200;14,0;61,0;8,0;60,0;0;60,7;8,0;8,0;0,00;0,00;0;0;47,6;139,0;6000;0;99;-2147483648;0;0;0;0;0;0;0;0;0;0;0;30,2;47,3;1;0;0;106;0;0;0;0,0;5882;0;0;0;
25.10.2025;13:15:56;12,6;13,0;0;30,2;8,0;16,0;8,0;0;0;0,0;8;47,3;47,3;26,0;0;8200;13,9;61,0;8,0;60,0;0;60,7;8,0;8,0;0,00;0,00;0;0;47,6;139,0;6000;0;99;-2147483648;0;0;0;0;0;0;0;0;0;0;0;30,2;47,3;1;0;0;106;0;0;0;0,0;5882;0;0;0;
25.10.2025;13:16:56;12,6;13,0;0;30,2;8,0;15,9;8,0;0;0;0,0;8;47,3;47,3;26,0;0;8200;13,9;60,9;8,0;60,0;0;60,7;8,0;8,0;0,00;0,00;0;0;47,5;139,0;6000;0;99;-2147483648;0;0;0;0;0;0;0;0;0;0;0;30,2;47,3;1;0;0;106;0;0;0;0,0;5882;0;0;0;
25.10.2025;13:17:56;12,6;13,0;0;30,2;8,0;15,9;8,0;0;0;0,0;8;47,3;47,3;26,0;0;8200;14,0;60,9;8,0;60,0;0;60,7;8,0;8,0;0,00;0,00;0;0;47,6;139,0;6000;0;99;-2147483648;0;0;0;0;0;0;0;0;0;0;0;30,2;47,3;1;0;0;106;0;0;0;0,0;5882;0;0;0;
25.10.2025;13:18:56;12,6;13,0;0;30,2;8,0;15,9;8,0;0;0;0,0;8;47,3;47,3;26,0;0;8200;14,3;60,8;8,0;60,0;0;60,7;8,0;8,0;0,00;0,00;0;0;47,5;139,0;6000;0;99;-2147483648;0;0;0;0;0;0;0;0;0;0;0;30,2;47,3;1;0;0;106;0;0;0;0,0;5882;0;0;0;
25.10.2025;13:19:56;12,6;13,0;0;30,2;8,0;15,9;8,0;0;0;0,0;8;47,3;47,3;26,0;0;8200;14,0;60,8;8,0;60,0;0;60,7;8,0;8,0;0,00;0,00;0;0;47,7;139,0;6000;0;99;-2147483648;0;0;0;0;0;0;0;0;0;0;0;30,2;47,3;1;0;0;106;0;0;0;0,0;5882;0;0;0;
25.10.2025;13:20:56;12,6;13,0;0;30,2;8,0;15,9;8,0;0;0;0,0;8;47,3;47,3;26,0;0;8200;13,8;60,8;8,0;60,0;0;60,7;8,0;8,0;0,00;0,00;0;0;47,6;139,0;6000;0;99;-2147483648;0;0;0;0;0;0;0;0;0;0;0;30,2;47,3;1;0;0;106;0;0;0;0,0;5882;0;0;0;
25.10.2025;13:21:56;12,6;13,0;0;30,2;8,0;15,9;8,0;0;0;0,0;8;47,3;47,3;26,0;0;8200;14,0;60,8;8,0;60,0;0;60,6;8,0;8,0;0,00;0,00;0;0;47,6;139,0;6000;0;99;-2147483648;0;0;0;0;0;0;0;0;0;0;0;30,2;47,3;1;0;0;106;0;0;0;0,0;5882;0;0;0;
25.10.2025;13:22:56;12,7;13,0;0;30,2;8,0;15,9;8,0;0;0;0,0;8;47,3;47,3;26,0;0;8200;14,0;60,8;8,0;60,0;0;60,6;8,0;8,0;0,00;0,00;0;0;47,6;139,0;6000;0;99;-2147483648;0;0;0;0;0;0;0;0;0;0;0;30,2;47,3;1;0;0;106;0;0;0;0,0;5882;0;0;0;
25.10.2025;13:23:56;12,7;13,0;0;30,1;8,0;15,9;8,0;0;0;0,0;8;47,2;47,2;26,0;0;8200;13,9;60,8;8,0;60,0;0;60,5;8,0;8,0;0,00;0,00;0;0;47,5;139,0;6000;0;99;-2147483648;0;0;0;0;0;0;0;0;0;0;0;30,1;47,2;1;0;0;106;0;0;0;0,0;5882;0;0;0;
25.10.2025;13:24:56;12,7;13,0;0;30,2;8,0;15,9;8,0;0;0;0,0;8;47,3;47,3;26,0;0;8200;14,0;60,7;8,0;60,0;0;60,5;8,0;8,0;0,00;0,00;0;0;47,5;139,0;6000;0;99;-2147483648;0;0;0;0;0;0;0;0;0;0;0;30,2;47,3;1;0;0;106;0;0;0;0,0;5882;0;0;0;
25.10.2025;13:25:56;12,7;13,0;0;30,2;8,0;15,9;8,0;0;0;0,0;8;47,2;47,2;26,0;0;8200;14,0;60,7;8,0;60,0;0;60,4;8,0;8,0;0,00;0,00;0;0;47,6;139,0;6000;0;99;-2147483648;0;0;0;0;0;0;0;0;0;0;0;30,2;47,2;1;0;0;106;0;0;0;0,0;5882;0;0;0;
25.10.2025;13:26:56;12,7;13,1;0;30,1;8,0;15,9;8,0;0;0;0,0;8;47,3;47,3;26,0;0;8200;13,9;60,7;8,0;60,0;0;60,4;8,0;8,0;0,00;0,00;0;0;47,6;139,0;6000;0;99;-2147483648;0;0;0;0;0;0;0;0;0;0;0;30,1;47,2;1;0;0;106;0;0;0;0,0;5882;0;0;0;
25.10.2025;13:27:56;12,7;13,1;0;30,1;8,0;15,9;8,0;0;0;0,0;8;47,2;47,2;26,0;0;8200;14,0;60,6;8,0;60,0;0;60,5;8,0;8,0;0,00;0,00;0;0;47,5;139,0;6000;0;99;-2147483648;0;0;0;0;0;0;0;0;0;0;0;30,1;47,2;1;0;0;106;0;0;0;0,0;5882;0;0;0;
25.10.2025;13:28:56;12,7;13,1;0;30,1;8,0;16,0;8,0;0;0;0,0;8;47,2;47,2;26,0;0;8200;13,9;60,6;8,0;60,0;0;60,5;8,0;8,0;0,00;0,00;0;0;47,6;139,0;6000;0;99;-2147483648;0;0;0;0;0;0;0;0;0;0;0;30,1;47,2;1;0;0;106;0;0;0;0,0;5882;0;0;0;
25.10.2025;13:29:56;12,7;13,1;0;30,1;8,0;16,0;8,0;0;0;0,0;8;47,2;47,2;26,0;0;8200;14,0;60,6;8,0;60,0;0;60,4;8,0;8,0;0,00;0,00;0;0;47,6;139,0;6000;0;99;-2147483648;0;0;0;0;0;0;0;0;0;0;0;30,1;47,2;1;0;0;106;0;0;0;0,0;5882;0;0;0;
25.10.2025;13:30:56;12,8;13,2;0;30,1;8,0;16,0;8,0;0;0;0,0;8;47,2;47,2;26,0;0;8200;14,0;60,6;8,0;60,0;0;60,3;8,0;8,0;0,00;0,00;0;0;47,5;139,0;6000;0;99;-2147483648;0;0;0;0;0;0;0;0;0;0;0;30,1;47,2;1;0;0;106;0;0;0;0,0;5882;0;0;0;
25.10.2025;13:31:56;12,8;13,2;0;30,1;8,0;16,0;8,0;0;0;0,0;8;47,2;47,2;26,0;0;8200;14,0;60,5;8,0;60,0;0;60,3;8,0;8,0;0,00;0,00;0;0;47,6;139,0;6000;0;99;-2147483648;0;0;0;0;0;0;0;0;0;0;0;30,1;47,2;1;0;0;106;0;0;0;0,0;5882;0;0;0;
25.10.2025;13:32:56;12,8;13,2;0;30,1;8,0;16,0;8,0;0;0;0,0;8;47,2;47,2;26,0;0;8200;14,0;60,5;8,0;60,0;0;60,3;8,0;8,0;0,00;0,00;0;0;47,6;139,0;6000;0;99;-2147483648;0;0;0;0;0;0;0;0;0;0;0;30,1;47,2;1;0;0;106;0;0;0;0,0;5882;0;0;0;
25.10.2025;13:33:56;12,8;13,2;0;30,1;8,0;16,0;8,0;0;0;0,0;8;47,2;47,2;26,0;0;8200;14,0;60,5;8,0;60,0;0;60,3;8,0;8,0;0,00;0,00;0;0;47,6;139,0;6000;0;99;-2147483648;0;0;0;0;0;0;0;0;0;0;0;30,1;47,2;1;0;0;106;0;0;0;0,0;5882;0;0;0;
25.10.2025;13:34:56;12,8;13,3;0;30,1;8,0;16,0;8,0;0;0;0,0;8;47,2;47,2;26,0;0;8200;14,1;60,5;8,0;60,0;0;60,3;8,0;8,0;0,00;0,00;0;0;47,6;139,0;6000;0;99;-2147483648;0;0;0;0;0;0;0;0;0;0;0;30,1;47,2;1;0;0;106;0;0;0;0,0;5882;0;0;0;
25.10.2025;13:35:56;12,8;13,3;0;30,1;8,0;16,0;8,0;0;0;0,0;8;47,1;47,1;26,0;0;8200;14,0;60,4;8,0;60,0;0;60,0;8,0;8,0;0,00;0,00;0;0;47,6;139,0;6000;0;99;-2147483648;0;0;0;0;0;0;0;0;0;0;0;30,1;47,1;1;0;0;106;0;0;0;0,0;5882;0;0;0;
25.10.2025;13:36:56;12,8;13,3;0;30,0;8,0;16,0;8,0;0;0;0,0;8;47,1;47,1;26,0;0;8200;14,0;60,4;8,0;60,0;0;60,0;8,0;8,0;0,00;0,00;0;0;47,5;139,0;6000;0;99;-2147483648;0;0;0;0;0;0;0;0;0;0;0;30,1;47,1;1;0;0;106;0;0;0;0,0;5882;0;0;0;
25.10.2025;13:37:56;12,9;13,4;0;30,0;8,0;15,9;8,0;0;0;0,0;8;47,1;47,1;26,0;0;8200;14,0;60,4;8,0;60,0;0;60,0;8,0;8,0;0,00;0,00;0;0;47,7;139,0;6000;0;99;-2147483648;0;0;0;0;0;0;0;0;0;0;0;30,0;47,1;1;0;0;106;0;0;0;0,0;5882;0;0;0;
25.10.2025;13:38:56;12,9;13,4;0;30,0;8,0;15,9;8,0;0;0;0,0;8;47,1;47,1;26,0;0;8200;13,9;60,4;8,0;60,0;0;59,9;8,0;8,0;0,00;0,00;0;0;47,6;139,0;6000;0;99;-2147483648;0;0;0;0;0;0;0;0;0;0;0;30,0;47,1;1;0;0;106;0;0;0;0,0;5882;0;0;0;
25.10.2025;13:39:56;12,9;13,4;0;30,1;8,0;15,9;8,0;0;0;0,0;8;47,2;47,2;26,0;0;8200;14,0;60,3;8,0;60,0;0;59,9;8,0;8,0;0,00;0,00;0;0;47,7;139,0;6000;0;99;-2147483648;0;0;0;0;0;0;0;0;0;0;0;30,1;47,2;1;0;0;106;0;0;0;0,0;5882;0;0;0;
25.10.2025;13:40:56;12,9;13,4;0;30,1;8,0;15,9;8,0;0;0;0,0;8;47,1;47,1;26,0;0;8200;13,9;60,3;8,0;60,0;0;59,8;8,0;8,0;0,00;0,00;0;0;47,6;139,0;6000;0;99;-2147483648;0;0;0;0;0;0;0;0;0;0;0;30,1;47,1;1;0;0;106;0;0;0;0,0;5882;0;0;0;
25.10.2025;13:41:56;12,9;13,4;0;30,0;8,0;15,9;8,0;0;0;0,0;8;47,1;47,1;26,0;0;8200;14,1;60,3;8,0;60,0;0;59,8;8,0;8,0;0,00;0,00;0;0;47,5;139,0;6000;0;99;-2147483648;0;0;0;0;0;0;0;0;0;0;0;30,0;47,1;1;0;0;106;0;0;0;0,0;5882;0;0;0;
25.10.2025;13:42:56;12,9;13,4;0;30,0;8,0;15,9;8,0;0;0;0,0;8;47,1;47,1;26,0;0;8200;14,0;60,2;8,0;60,0;0;59,9;8,0;8,0;0,00;0,00;0;0;47,7;139,0;6000;0;99;-2147483648;0;0;0;0;0;0;0;0;0;0;0;30,0;47,1;1;0;0;106;0;0;0;0,0;5882;0;0;0;
25.10.2025;13:43:56;12,9;13,5;0;30,0;8,0;16,0;8,0;0;0;0,0;8;47,1;47,1;26,0;0;8200;14,0;60,2;8,0;60,0;0;59,8;8,0;8,0;0,00;0,00;0;0;47,5;139,0;6000;0;99;-2147483648;0;0;0;0;0;0;0;0;0;0;0;30,0;47,1;1;0;0;106;0;0;0;0,0;5882;0;0;0;
25.10.2025;13:44:56;13,0;13,5;0;30,0;8,0;16,0;8,0;0;0;0,0;8;47,1;47,1;26,0;0;8200;13,9;60,2;8,0;60,0;0;59,8;8,0;8,0;0,00;0,00;0;0;47,5;139,0;6000;0;99;-2147483648;0;0;0;0;0;0;0;0;0;0;0;30,0;47,1;1;0;0;106;0;0;0;0,0;5882;0;0;0;
25.10.2025;13:45:56;13,0;13,5;0;30,0;8,0;16,1;8,0;0;0;0,0;8;47,1;47,1;26,0;0;8200;14,0;60,1;8,0;60,0;0;59,8;8,0;8,0;0,00;0,00;0;0;47,4;139,0;6000;0;99;-2147483648;0;0;0;0;0;0;0;0;0;0;0;30,0;47,1;1;0;0;106;0;0;0;0,0;5882;0;0;0;
25.10.2025;13:46:56;13,0;13,5;0;30,0;8,0;16,1;8,0;0;0;0,0;8;47,0;47,0;26,0;0;8200;14,0;60,1;8,0;60,0;0;59,7;8,0;8,0;0,00;0,00;0;0;47,4;139,0;6000;0;99;-2147483648;0;0;0;0;0;0;0;0;0;0;0;30,0;47,0;1;0;0;106;0;0;0;0,0;5882;0;0;0;
25.10.2025;13:47:56;13,0;13,5;0;30,0;8,0;16,1;8,0;0;0;0,0;8;47,0;47,0;26,0;0;8200;14,0;60,1;8,0;60,0;0;59,7;8,0;8,0;0,00;0,00;0;0;47,5;139,0;6000;0;99;-2147483648;0;0;0;0;0;0;0;0;0;0;0;30,0;47,0;1;0;0;106;0;0;0;0,0;5882;0;0;0;
25.10.2025;13:48:56;13,0;13,5;0;29,9;8,0;16,0;8,0;0;0;0,0;8;47,0;47,0;26,0;0;8200;14,0;60,0;8,0;60,0;0;59,7;8,0;8,0;0,00;0,00;0;0;47,6;139,0;6000;0;99;-2147483648;0;0;0;0;0;0;0;0;0;0;0;29,9;47,0;1;0;0;106;0;0;0;0,0;5882;0;0;0;
25.10.2025;13:49:56;13,0;13,5;0;29,9;8,0;16,0;8,0;0;0;0,0;8;47,0;47,0;26,0;0;8200;14,0;60,0;8,0;60,0;0;59,8;8,0;8,0;0,00;0,00;0;0;47,5;139,0;6000;0;99;-2147483648;0;0;0;0;0;0;0;0;0;0;0;29,9;47,0;1;0;0;106;0;0;0;0,0;5882;0;0;0;
25.10.2025;13:50:56;13,0;13,5;0;29,9;8,0;16,0;8,0;0;0;0,0;8;47,0;47,0;26,0;0;8200;14,0;60,0;8,0;60,0;0;59,6;8,0;8,0;0,00;0,00;0;0;47,5;139,0;6000;0;99;-2147483648;0;0;0;0;0;0;0;0;0;0;0;29,9;47,0;1;0;0;106;0;0;0;0,0;5882;0;0;0;
25.10.2025;13:51:56;13,0;13,5;0;29,9;8,0;16,0;8,0;0;0;0,0;8;47,0;47,0;26,0;0;8200;13,8;60,0;8,0;60,0;0;59,7;8,0;8,0;0,00;0,00;0;0;47,6;139,0;6000;0;99;-2147483648;0;0;0;0;0;0;0;0;0;0;0;29,9;47,0;1;0;0;106;0;0;0;0,0;5882;0;0;0;
25.10.2025;13:52:56;13,0;13,5;0;29,9;8,0;16,0;8,0;0;0;0,0;8;47,0;47,0;26,0;0;8200;14,0;60,0;8,0;60,0;0;59,6;8,0;8,0;0,00;0,00;0;0;47,6;139,0;6000;0;99;-2147483648;0;0;0;0;0;0;0;0;0;0;0;29,9;47,0;1;0;0;106;0;0;0;0,0;5882;0;0;0;
25.10.2025;13:53:56;13,1;13,6;0;30,0;8,0;16,0;8,0;0;0;0,0;8;47,1;47,1;26,0;0;8200;13,9;59,9;8,0;60,0;0;59,6;8,0;8,0;0,00;0,00;0;0;47,8;139,0;6000;0;99;-2147483648;0;0;0;0;0;0;0;0;0;0;0;30,0;47,1;1;0;0;106;0;0;0;0,0;5882;0;0;0;
25.10.2025;13:54:56;13,1;13,5;0;29,9;8,0;16,0;8,0;0;0;0,0;8;46,9;46,9;26,0;0;8200;13,9;59,9;8,0;60,0;0;59,5;8,0;8,0;0,00;0,00;0;0;47,6;139,0;6000;0;99;-2147483648;0;0;0;0;0;0;0;0;0;0;0;29,9;46,9;1;0;0;106;0;0;0;0,0;5882;0;0;0;
25.10.2025;13:55:56;13,1;13,4;0;29,9;8,0;16,0;8,0;0;0;0,0;8;46,9;46,9;26,0;0;8200;14,0;59,8;8,0;60,0;0;59,5;8,0;8,0;0,00;0,00;0;0;47,7;139,0;6000;0;99;-2147483648;0;0;0;0;0;0;0;0;0;0;0;29,9;46,9;1;0;0;106;0;0;0;0,0;5882;0;0;0;
25.10.2025;13:56:56;13,1;13,5;0;29,9;8,0;16,0;8,0;0;0;0,0;8;47,0;47,0;26,0;0;8200;14,3;59,9;8,0;60,0;0;59,5;8,0;8,0;0,00;0,00;0;0;47,5;139,0;6000;0;99;-2147483648;0;0;0;0;0;0;0;0;0;0;0;29,9;47,0;1;0;0;106;0;0;0;0,0;5882;0;0;0;
25.10.2025;13:57:56;13,1;13,5;0;29,9;8,0;16,0;8,0;0;0;0,0;8;46,9;46,9;26,0;0;8200;13,9;59,8;8,0;60,0;0;59,4;8,0;8,0;0,00;0,00;0;0;47,5;139,0;6000;0;99;-2147483648;0;0;0;0;0;0;0;0;0;0;0;29,9;46,9;1;0;0;106;0;0;0;0,0;5882;0;0;0;
25.10.2025;13:58:56;13,1;13,5;0;29,9;8,0;16,0;8,0;0;0;0,0;8;47,0;47,0;26,0;0;8200;14,0;59,8;8,0;60,0;0;59,5;8,0;8,0;0,00;0,00;0;0;47,5;139,0;6000;0;99;-2147483648;0;0;0;0;0;0;0;0;0;0;0;29,9;47,0;1;0;0;106;0;0;0;0,0;5882;0;0;0;
25.10.2025;13:59:56;13,1;13,4;0;29,8;8,0;16,0;8,0;0;0;0,0;8;46,8;46,8;26,0;0;8200;13,9;59,8;8,0;60,0;0;59,3;8,0;8,0;0,00;0,00;0;0;47,4;139,0;6000;0;99;-2147483648;0;0;0;0;0;0;0;0;0;0;0;29,8;46,8;1;0;0;106;0;0;0;0,0;5882;0;0;0;
25.10.2025;14:00:56;13,1;13,5;0;29,8;8,0;16,0;8,0;0;0;0,0;8;46,9;46,9;26,0;0;8200;14,0;59,8;8,0;60,0;0;59,3;8,0;8,0;0,00;0,00;0;0;47,6;139,0;6000;0;99;-2147483648;0;0;0;0;0;0;0;0;0;0;0;29,9;46,9;1;0;0;106;0;0;0;0,0;5882;0;0;0;
25.10.2025;14:01:56;13,1;13,6;0;29,9;8,0;16,0;8,0;0;0;0,0;8;47,0;47,0;26,0;0;8200;14,0;59,7;8,0;60,0;0;59,4;8,0;8,0;0,00;0,00;0;0;47,6;139,0;6000;0;99;-2147483648;0;0;0;0;0;0;0;0;0;0;0;29,9;47,0;1;0;0;106;0;0;0;0,0;5882;0;0;0;
25.10.2025;14:02:56;13,2;13,6;0;29,9;8,0;16,0;8,0;0;0;0,0;8;47,0;47,0;26,0;0;8200;14,0;59,7;8,0;60,0;0;59,3;8,0;8,0;0,00;0,00;0;0;47,5;139,0;6000;0;99;-2147483648;0;0;0;0;0;0;0;0;0;0;0;29,9;47,0;1;0;0;106;0;0;0;0,0;5882;0;0;0;
25.10.2025;14:03:56;13,2;13,5;0;29,9;8,0;16,0;8,0;0;0;0,0;8;46,9;46,9;26,0;0;8200;14,0;59,6;8,0;60,0;0;59,3;8,0;8,0;0,00;0,00;0;0;47,6;139,0;6000;0;99;-2147483648;0;0;0;0;0;0;0;0;0;0;0;29,9;46,9;1;0;0;106;0;0;0;0,0;5882;0;0;0;
25.10.2025;14:04:56;13,2;13,5;0;29,9;8,0;16,0;8,0;0;0;0,0;8;46,8;46,8;26,0;0;8200;14,0;59,6;8,0;60,0;0;59,3;8,0;8,0;0,00;0,00;0;0;47,5;139,0;6000;0;99;-2147483648;0;0;0;0;0;0;0;0;0;0;0;29,9;46,8;1;0;0;106;0;0;0;0,0;5882;0;0;0;
25.10.2025;14:05:56;13,2;13,6;0;29,9;8,0;16,0;8,0;0;0;0,0;8;46,9;46,9;26,0;0;8200;14,0;59,6;8,0;60,0;0;59,3;8,0;8,0;0,00;0,00;0;0;47,6;139,0;6000;0;99;-2147483648;0;0;0;0;0;0;0;0;0;0;0;29,9;46,9;1;0;0;106;0;0;0;0,0;5882;0;0;0;
25.10.2025;14:06:56;13,2;13,5;0;29,8;8,0;16,0;8,0;0;0;0,0;8;46,9;46,9;26,0;0;8200;14,0;59,6;8,0;60,0;0;59,1;8,0;8,0;0,00;0,00;0;0;47,6;139,0;6000;0;99;-2147483648;0;0;0;0;0;0;0;0;0;0;0;29,8;46,9;1;0;0;106;0;0;0;0,0;5882;0;0;0;
25.10.2025;14:07:56;13,2;13,6;0;29,9;8,0;16,0;8,0;0;0;0,0;8;46,9;46,9;26,0;0;8200;14,0;59,5;8,0;60,0;0;59,2;8,0;8,0;0,00;0,00;0;0;47,7;139,0;6000;0;99;-2147483648;0;0;0;0;0;0;0;0;0;0;0;29,9;46,9;1;0;0;106;0;0;0;0,0;5882;0;0;0;
25.10.2025;14:08:56;13,2;13,5;0;29,8;8,0;16,0;8,0;0;0;0,0;8;46,8;46,8;26,0;0;8200;14,0;59,5;8,0;60,0;0;59,0;8,0;8,0;0,00;0,00;0;0;47,6;139,0;6000;0;99;-2147483648;0;0;0;0;0;0;0;0;0;0;0;29,8;46,8;1;0;0;106;0;0;0;0,0;5882;0;0;0;
25.10.2025;14:09:56;13,2;13,6;0;29,8;8,0;16,0;8,0;0;0;0,0;8;46,8;46,8;26,0;0;8200;14,2;59,5;8,0;60,0;0;59,0;8,0;8,0;0,00;0,00;0;0;47,7;139,0;6000;0;99;-2147483648;0;0;0;0;0;0;0;0;0;0;0;29,8;46,8;1;0;0;106;0;0;0;0,0;5882;0;0;0;
25.10.2025;14:10:56;13,2;13,6;0;29,8;8,0;16,0;8,0;0;0;0,0;8;46,8;46,8;26,0;0;8200;14,0;59,5;8,0;60,0;0;58,8;8,0;8,0;0,00;0,00;0;0;47,6;139,0;6000;0;99;-2147483648;0;0;0;0;0;0;0;0;0;0;0;29,8;46,8;1;0;0;106;0;0;0;0,0;5882;0;0;0;
25.10.2025;14:11:56;13,3;13,6;0;29,8;8,0;16,0;8,0;0;0;0,0;8;46,8;46,8;26,0;0;8200;14,0;59,5;8,0;60,0;0;58,8;8,0;8,0;0,00;0,00;0;0;47,6;139,0;6000;0;99;-2147483648;0;0;0;0;0;0;0;0;0;0;0;29,8;46,8;1;0;0;106;0;0;0;0,0;5882;0;0;0;
25.10.2025;14:12:56;13,3;13,6;0;29,8;8,0;16,0;8,0;0;0;0,0;8;46,9;46,9;26,0;0;8200;14,0;59,4;8,0;60,0;0;58,8;8,0;8,0;0,00;0,00;0;0;47,6;139,0;6000;0;99;-2147483648;0;0;0;0;0;0;0;0;0;0;0;29,8;46,9;1;0;0;106;0;0;0;0,0;5882;0;0;0;
25.10.2025;14:13:56;13,3;13,6;0;29,8;8,0;16,0;8,0;0;0;0,0;8;46,8;46,8;26,0;0;8200;14,0;59,4;8,0;60,0;0;58,8;8,0;8,0;0,00;0,00;0;0;47,5;139,0;6000;0;99;-2147483648;0;0;0;0;0;0;0;0;0;0;0;29,8;46,8;1;0;0;106;0;0;0;0,0;5882;0;0;0;
25.10.2025;14:14:56;13,3;13,6;0;29,8;8,0;16,0;8,0;0;0;0,0;8;46,8;46,8;26,0;0;8200;14,1;59,4;8,0;60,0;0;58,8;8,0;8,0;0,00;0,00;0;0;47,6;139,0;6000;0;99;-2147483648;0;0;0;0;0;0;0;0;0;0;0;29,8;46,8;1;0;0;106;0;0;0;0,0;5882;0;0;0;
25.10.2025;14:15:56;13,3;13,5;0;29,8;8,0;16,0;8,0;0;0;0,0;8;46,8;46,8;26,0;0;8200;14,1;59,3;8,0;60,0;0;58,9;8,0;8,0;0,00;0,00;0;0;47,5;139,0;6000;0;99;-2147483648;0;0;0;0;0;0;0;0;0;0;0;29,8;46,8;1;0;0;106;0;0;0;0,0;5882;0;0;0;
25.10.2025;14:16:56;13,3;13,6;0;29,8;8,0;16,0;8,0;0;0;0,0;8;46,8;46,8;26,0;0;8200;14,0;59,3;8,0;60,0;0;58,8;8,0;8,0;0,00;0,00;0;0;47,5;139,0;6000;0;99;-2147483648;0;0;0;0;0;0;0;0;0;0;0;29,8;46,8;1;0;0;106;0;0;0;0,0;5882;0;0;0;
25.10.2025;14:17:56;13,3;13,6;0;29,8;8,0;16,0;8,0;0;0;0,0;8;46,8;46,8;26,0;0;8200;14,0;59,3;8,0;60,0;0;58,8;8,0;8,0;0,00;0,00;0;0;47,5;139,0;6000;0;99;-2147483648;0;0;0;0;0;0;0;0;0;0;0;29,8;46,8;1;0;0;106;0;0;0;0,0;5882;0;0;0;
25.10.2025;14:18:56;13,3;13,6;0;29,8;8,0;16,0;8,0;0;0;0,0;8;46,8;46,8;26,0;0;8200;14,1;59,3;8,0;60,0;0;58,8;8,0;8,0;0,00;0,00;0;0;47,5;139,0;6000;0;99;-2147483648;0;0;0;0;0;0;0;0;0;0;0;29,8;46,8;1;0;0;106;0;0;0;0,0;5882;0;0;0;
25.10.2025;14:19:56;13,3;13,6;0;29,8;8,0;16,0;8,0;0;0;0,0;8;46,7;46,7;26,0;0;8200;14,1;59,3;8,0;60,0;0;58,7;8,0;8,0;0,00;0,00;0;0;47,5;139,0;6000;0;99;-2147483648;0;0;0;0;0;0;0;0;0;0;0;29,8;46,7;1;0;0;106;0;0;0;0,0;5882;0;0;0;
25.10.2025;14:20:56;13,3;13,6;0;29,8;8,0;16,0;8,0;0;0;0,0;8;46,7;46,7;26,0;0;8200;14,0;59,2;8,0;60,0;0;58,7;8,0;8,0;0,00;0,00;0;0;47,6;139,0;6000;0;99;-2147483648;0;0;0;0;0;0;0;0;0;0;0;29,8;46,7;1;0;0;106;0;0;0;0,0;5882;0;0;0;
25.10.2025;14:21:56;13,4;13,6;0;29,8;8,0;16,0;8,0;0;0;0,0;8;46,8;46,8;26,0;0;8200;14,0;59,2;8,0;60,0;0;58,7;8,0;8,0;0,00;0,00;0;0;47,6;139,0;6000;0;99;-2147483648;0;0;0;0;0;0;0;0;0;0;0;29,8;46,8;1;0;0;106;0;0;0;0,0;5882;0;0;0;
25.10.2025;14:22:56;13,4;13,5;0;29,7;8,0;15,9;8,0;0;0;0,0;8;46,7;46,7;26,0;0;8200;14,0;59,1;8,0;60,0;0;58,7;8,0;8,0;0,00;0,00;0;0;47,5;139,0;6000;0;99;-2147483648;0;0;0;0;0;0;0;0;0;0;0;29,7;46,7;1;0;0;106;0;0;0;0,0;5882;0;0;0;
25.10.2025;14:23:56;13,4;13,6;0;29,7;8,0;15,9;8,0;0;0;0,0;8;46,7;46,7;26,0;0;8200;14,3;59,1;8,0;60,0;0;58,7;8,0;8,0;0,00;0,00;0;0;47,4;139,0;6000;0;99;-2147483648;0;0;0;0;0;0;0;0;0;0;0;29,7;46,7;1;0;0;106;0;0;0;0,0;5882;0;0;0;
25.10.2025;14:24:56;13,4;13,6;0;29,8;8,0;15,9;8,0;0;0;0,0;8;46,7;46,7;26,0;0;8200;14,0;59,1;8,0;60,0;0;58,8;8,0;8,0;0,00;0,00;0;0;47,5;139,0;6000;0;99;-2147483648;0;0;0;0;0;0;0;0;0;0;0;29,8;46,7;1;0;0;106;0;0;0;0,0;5882;0;0;0;
25.10.2025;14:25:56;13,4;13,5;0;29,7;8,0;15,9;8,0;0;0;0,0;8;46,7;46,7;26,0;0;8200;14,0;59,1;8,0;60,0;0;58,7;8,0;8,0;0,00;0,00;0;0;47,6;139,0;6000;0;99;-2147483648;0;0;0;0;0;0;0;0;0;0;0;29,7;46,7;1;0;0;106;0;0;0;0,0;5882;0;0;0;
25.10.2025;14:26:56;13,4;13,6;0;29,8;8,0;15,9;8,0;0;0;0,0;8;46,7;46,7;26,0;0;8200;14,0;59,0;8,0;60,0;0;58,6;8,0;8,0;0,00;0,00;0;0;47,6;139,0;6000;0;99;-2147483648;0;0;0;0;0;0;0;0;0;0;0;29,8;46,7;1;0;0;106;0;0;0;0,0;5882;0;0;0;
25.10.2025;14:27:56;13,4;13,6;0;29,8;8,0;15,9;8,0;0;0;0,0;8;46,7;46,7;26,0;0;8200;14,0;59,0;8,0;60,0;0;58,5;8,0;8,0;0,00;0,00;0;0;47,5;139,0;6000;0;99;-2147483648;0;0;0;0;0;0;0;0;0;0;0;29,8;46,7;1;0;0;106;0;0;0;0,0;5882;0;0;0;
25.10.2025;14:28:56;13,4;13,5;0;29,7;8,0;15,9;8,0;0;0;0,0;8;46,7;46,7;26,0;0;8200;14,2;59,0;8,0;60,0;0;58,5;8,0;8,0;0,00;0,00;0;0;47,6;139,0;6000;0;99;-2147483648;0;0;0;0;0;0;0;0;0;0;0;29,7;46,7;1;0;0;106;0;0;0;0,0;5882;0;0;0;
25.10.2025;14:29:56;13,4;13,5;0;29,7;8,0;15,9;8,0;0;0;0,0;8;46,7;46,7;26,0;0;8200;14,0;59,0;8,0;60,0;0;58,4;8,0;8,0;0,00;0,00;0;0;47,7;139,0;6000;0;99;-2147483648;0;0;0;0;0;0;0;0;0;0;0;29,7;46,7;1;0;0;106;0;0;0;0,0;5882;0;0;0;
25.10.2025;14:30:56;13,4;13,5;0;29,7;8,0;16,0;8,0;0;0;0,0;8;46,7;46,7;26,0;0;8200;14,0;58,9;8,0;60,0;0;58,4;8,0;8,0;0,00;0,00;0;0;47,7;139,0;6000;0;99;-2147483648;0;0;0;0;0;0;0;0;0;0;0;29,7;46,7;1;0;0;106;0;0;0;0,0;5882;0;0;0;
25.10.2025;14:31:56;13,4;13,5;0;29,7;8,0;16,0;8,0;0;0;0,0;8;46,7;46,7;26,0;0;8200;14,1;58,9;8,0;60,0;0;58,3;8,0;8,0;0,00;0,00;0;0;47,5;139,0;6000;0;99;-2147483648;0;0;0;0;0;0;0;0;0;0;0;29,7;46,7;1;0;0;106;0;0;0;0,0;5882;0;0;0;
25.10.2025;14:32:56;13,4;13,5;0;29,7;8,0;16,1;8,0;0;0;0,0;8;46,7;46,7;26,0;0;8200;14,0;58,9;8,0;60,0;0;58,3;8,0;8,0;0,00;0,00;0;0;47,6;139,0;6000;0;99;-2147483648;0;0;0;0;0;0;0;0;0;0;0;29,7;46,7;1;0;0;106;0;0;0;0,0;5882;0;0;0;
25.10.2025;14:33:56;13,4;13,6;0;29,7;8,0;16,1;8,0;0;0;0,0;8;46,7;46,7;26,0;0;8200;14,0;58,9;8,0;60,0;0;58,3;8,0;8,0;0,00;0,00;0;0;47,6;139,0;6000;0;99;-2147483648;0;0;0;0;0;0;0;0;0;0;0;29,7;46,7;1;0;0;106;0;0;0;0,0;5882;0;0;0;
25.10.2025;14:34:56;13,5;13,5;0;29,7;8,0;16,1;8,0;0;0;0,0;8;46,6;46,6;26,0;0;8200;14,0;58,9;8,0;60,0;0;58,2;8,0;8,0;0,00;0,00;0;0;47,4;139,0;6000;0;99;-2147483648;0;0;0;0;0;0;0;0;0;0;0;29,7;46,6;1;0;0;106;0;0;0;0,0;5882;0;0;0;
25.10.2025;14:35:56;13,5;13,5;0;29,7;8,0;16,0;8,0;0;0;0,0;8;46,6;46,6;26,0;0;8200;14,0;58,8;8,0;60,0;0;58,2;8,0;8,0;0,00;0,00;0;0;47,5;139,0;6000;0;99;-2147483648;0;0;0;0;0;0;0;0;0;0;0;29,7;46,6;1;0;0;106;0;0;0;0,0;5882;0;0;0;
25.10.2025;14:36:56;13,5;13,5;0;29,7;8,0;16,0;8,0;0;0;0,0;8;46,6;46,6;26,0;0;8200;14,0;58,8;8,0;60,0;0;58,3;8,0;8,0;0,00;0,00;0;0;47,5;139,0;6000;0;99;-2147483648;0;0;0;0;0;0;0;0;0;0;0;29,7;46,6;1;0;0;106;0;0;0;0,0;5882;0;0;0;
25.10.2025;14:37:56;13,5;13,5;0;29,7;8,0;16,0;8,0;0;0;0,0;8;46,7;46,7;26,0;0;8200;14,0;58,8;8,0;60,0;0;58,2;8,0;8,0;0,00;0,00;0;0;47,6;139,0;6000;0;99;-2147483648;0;0;0;0;0;0;0;0;0;0;0;29,7;46,7;1;0;0;106;0;0;0;0,0;5882;0;0;0;
25.10.2025;14:38:56;13,5;13,5;0;29,7;8,0;16,0;8,0;0;0;0,0;8;46,6;46,6;26,0;0;8200;13,9;58,7;8,0;60,0;0;58,2;8,0;8,0;0,00;0,00;0;0;47,6;139,0;6000;0;99;-2147483648;0;0;0;0;0;0;0;0;0;0;0;29,7;46,6;1;0;0;106;0;0;0;0,0;5882;0;0;0;
25.10.2025;14:39:56;13,5;13,5;0;29,7;8,0;16,0;8,0;0;0;0,0;8;46,6;46,6;26,0;0;8200;14,1;58,7;8,0;60,0;0;58,2;8,0;8,0;0,00;0,00;0;0;47,6;139,0;6000;0;99;-2147483648;0;0;0;0;0;0;0;0;0;0;0;29,7;46,6;1;0;0;106;0;0;0;0,0;5882;0;0;0;
25.10.2025;14:40:56;13,5;13,5;0;29,7;8,0;16,0;8,0;0;0;0,0;8;46,6;46,6;26,0;0;8200;14,0;58,7;8,0;60,0;0;58,2;8,0;8,0;0,00;0,00;0;0;47,6;139,0;6000;0;99;-2147483648;0;0;0;0;0;0;0;0;0;0;0;29,7;46,6;1;0;0;106;0;0;0;0,0;5882;0;0;0;
25.10.2025;14:41:56;13,5;13,5;0;29,6;8,0;16,0;8,0;0;0;0,0;8;46,6;46,6;26,0;0;8200;14,0;58,7;8,0;60,0;0;58,2;8,0;8,0;0,00;0,00;0;0;47,6;139,0;6000;0;99;-2147483648;0;0;0;0;0;0;0;0;0;0;0;29,6;46,6;1;0;0;106;0;0;0;0,0;5882;0;0;0;
25.10.2025;14:42:56;13,5;13,5;0;29,7;8,0;16,0;8,0;0;0;0,0;8;46,6;46,6;26,0;0;8200;14,0;58,6;8,0;60,0;0;58,2;8,0;8,0;0,00;0,00;0;0;47,5;139,0;6000;0;99;-2147483648;0;0;0;0;0;0;0;0;0;0;0;29,7;46,6;1;0;0;106;0;0;0;0,0;5882;0;0;0;
25.10.2025;14:43:56;13,5;13,5;0;29,7;8,0;15,9;8,0;0;0;0,0;8;46,6;46,6;26,0;0;8200;14,0;58,6;8,0;60,0;0;58,2;8,0;8,0;0,00;0,00;0;0;47,5;139,0;6000;0;99;-2147483648;0;0;0;0;0;0;0;0;0;0;0;29,7;46,6;1;0;0;106;0;0;0;0,0;5882;0;0;0;
25.10.2025;14:44:56;13,5;13,5;0;29,6;8,0;15,9;8,0;0;0;0,0;8;46,6;46,6;26,0;0;8200;14,0;58,6;8,0;60,0;0;58,2;8,0;8,0;0,00;0,00;0;0;47,6;139,0;6000;0;99;-2147483648;0;0;0;0;0;0;0;0;0;0;0;29,6;46,6;1;0;0;106;0;0;0;0,0;5882;0;0;0;
25.10.2025;14:45:56;13,5;13,5;0;29,6;8,0;15,9;8,0;0;0;0,0;8;46,6;46,6;26,0;0;8200;13,9;58,6;8,0;60,0;0;58,1;8,0;8,0;0,00;0,00;0;0;47,5;139,0;6000;0;99;-2147483648;0;0;0;0;0;0;0;0;0;0;0;29,6;46,6;1;0;0;106;0;0;0;0,0;5882;0;0;0;
25.10.2025;14:46:56;13,5;13,5;0;29,6;8,0;15,9;8,0;0;0;0,0;8;46,5;46,5;26,0;0;8200;14,0;58,5;8,0;60,0;0;58,2;8,0;8,0;0,00;0,00;0;0;47,4;139,0;6000;0;99;-2147483648;0;0;0;0;0;0;0;0;0;0;0;29,6;46,5;1;0;0;106;0;0;0;0,0;5882;0;0;0;
25.10.2025;14:47:56;13,5;13,5;0;29,6;8,0;15,9;8,0;0;0;0,0;8;46,6;46,6;26,0;0;8200;14,1;58,5;8,0;60,0;0;58,1;8,0;8,0;0,00;0,00;0;0;47,5;139,0;6000;0;99;-2147483648;0;0;0;0;0;0;0;0;0;0;0;29,6;46,6;1;0;0;106;0;0;0;0,0;5882;0;0;0;
25.10.2025;14:48:56;13,5;13,5;0;29,6;8,0;15,9;8,0;0;0;0,0;8;46,5;46,5;26,0;0;8200;14,0;58,5;8,0;60,0;0;58,0;8,0;8,0;0,00;0,00;0;0;47,5;139,0;6000;0;99;-2147483648;0;0;0;0;0;0;0;0;0;0;0;29,6;46,5;1;0;0;106;0;0;0;0,0;5882;0;0;0;
25.10.2025;14:49:56;13,5;13,5;0;29,6;8,0;15,9;8,0;0;0;0,0;8;46,5;46,5;26,0;0;8200;14,0;58,5;8,0;60,0;0;58,1;8,0;8,0;0,00;0,00;0;0;47,4;139,0;6000;0;99;-2147483648;0;0;0;0;0;0;0;0;0;0;0;29,6;46,5;1;0;0;106;0;0;0;0,0;5882;0;0;0;
25.10.2025;14:50:56;13,5;13,5;0;29,6;8,0;16,0;8,0;0;0;0,0;8;46,5;46,5;26,0;0;8200;14,0;58,4;8,0;60,0;0;58,0;8,0;8,0;0,00;0,00;0;0;47,5;139,0;6000;0;99;-2147483648;0;0;0;0;0;0;0;0;0;0;0;29,6;46,5;1;0;0;106;0;0;0;0,0;5882;0;0;0;
25.10.2025;14:51:56;13,5;13,5;0;29,6;8,0;15,9;8,0;0;0;0,0;8;46,5;46,5;26,0;0;8200;14,0;58,4;8,0;60,0;0;58,0;8,0;8,0;0,00;0,00;0;0;47,4;139,0;6000;0;99;-2147483648;0;0;0;0;0;0;0;0;0;0;0;29,6;46,5;1;0;0;106;0;0;0;0,0;5882;0;0;0;
25.10.2025;14:52:56;13,5;13,5;0;29,6;8,0;16,0;8,0;0;0;0,0;8;46,5;46,5;26,0;0;8200;14,0;58,4;8,0;60,0;0;58,0;8,0;8,0;0,00;0,00;0;0;47,5;139,0;6000;0;99;-2147483648;0;0;0;0;0;0;0;0;0;0;0;29,6;46,5;1;0;0;106;0;0;0;0,0;5882;0;0;0;
25.10.2025;14:53:56;13,5;13,5;0;29,6;8,0;16,0;8,0;0;0;0,0;8;46,5;46,5;26,0;0;8200;14,1;58,3;8,0;60,0;0;58,0;8,0;8,0;0,00;0,00;0;0;47,6;139,0;6000;0;99;-2147483648;0;0;0;0;0;0;0;0;0;0;0;29,6;46,5;1;0;0;106;0;0;0;0,0;5882;0;0;0;
25.10.2025;14:54:56;13,5;13,5;0;29,6;8,0;16,0;8,0;0;0;0,0;8;46,5;46,5;26,0;0;8200;14,0;58,3;8,0;60,0;0;57,9;8,0;8,0;0,00;0,00;0;0;47,4;139,0;6000;0;99;-2147483648;0;0;0;0;0;0;0;0;0;0;0;29,6;46,5;1;0;0;106;0;0;0;0,0;5882;0;0;0;
25.10.2025;14:55:56;13,5;13,5;0;29,5;8,0;16,0;8,0;0;0;0,0;8;46,5;46,5;26,0;0;8200;14,1;58,3;8,0;60,0;0;57,9;8,0;8,0;0,00;0,00;0;0;47,5;139,0;6000;0;99;-2147483648;0;0;0;0;0;0;0;0;0;0;0;29,5;46,5;1;0;0;106;0;0;0;0,0;5882;0;0;0;
25.10.2025;14:56:56;13,5;13,5;0;29,6;8,0;16,0;8,0;0;0;0,0;8;46,5;46,5;26,0;0;8200;14,0;58,3;8,0;60,0;0;57,9;8,0;8,0;0,00;0,00;0;0;47,4;139,0;6000;0;99;-2147483648;0;0;0;0;0;0;0;0;0;0;0;29,6;46,5;1;0;0;106;0;0;0;0,0;5882;0;0;0;
25.10.2025;14:57:56;13,5;13,5;0;29,5;8,0;15,9;8,0;0;0;0,0;8;46,5;46,5;26,0;0;8200;14,0;58,2;8,0;60,0;0;57,8;8,0;8,0;0,00;0,00;0;0;47,5;139,0;6000;0;99;-2147483648;0;0;0;0;0;0;0;0;0;0;0;29,5;46,5;1;0;0;106;0;0;0;0,0;5882;0;0;0;
25.10.2025;14:58:56;13,5;13,5;0;29,5;8,0;15,9;8,0;0;0;0,0;8;46,5;46,5;26,0;0;8200;14,0;58,2;8,0;60,0;0;57,8;8,0;8,0;0,00;0,00;0;0;47,4;139,0;6000;0;99;-2147483648;0;0;0;0;0;0;0;0;0;0;0;29,5;46,5;1;0;0;106;0;0;0;0,0;5882;0;0;0;
25.10.2025;14:59:56;13,5;13,5;0;29,5;8,0;15,9;8,0;0;0;0,0;8;46,5;46,5;26,0;0;8200;14,1;58,2;8,0;60,0;0;57,8;8,0;8,0;0,00;0,00;0;0;47,5;139,0;6000;0;99;-2147483648;0;0;0;0;0;0;0;0;0;0;0;29,5;46,5;1;0;0;106;0;0;0;0,0;5882;0;0;0;
25.10.2025;15:00:56;13,5;13,5;0;29,5;8,0;15,9;8,0;0;0;0,0;8;46,4;46,4;26,0;0;8200;14,0;58,1;8,0;60,0;0;57,8;8,0;8,0;0,00;0,00;0;0;47,4;139,0;6000;0;99;-2147483648;0;0;0;0;0;0;0;0;0;0;0;29,5;46,4;1;0;0;106;0;0;0;0,0;5882;0;0;0;
25.10.2025;15:01:56;13,5;13,5;0;29,5;8,0;15,9;8,0;0;0;0,0;8;46,4;46,4;26,0;0;8200;14,0;58,1;8,0;60,0;0;57,6;8,0;8,0;0,00;0,00;0;0;47,4;139,0;6000;0;99;-2147483648;0;0;0;0;0;0;0;0;0;0;0;29,5;46,4;1;0;0;106;0;0;0;0,0;5882;0;0;0;
25.10.2025;15:02:56;13,5;13,6;0;29,5;8,0;16,0;8,0;0;0;0,0;8;46,5;46,5;26,0;0;8200;14,0;58,1;8,0;60,0;0;57,7;8,0;8,0;0,00;0,00;0;0;47,4;139,0;6000;0;99;-2147483648;0;0;0;0;0;0;0;0;0;0;0;29,5;46,5;1;0;0;106;0;0;0;0,0;5882;0;0;0;
25.10.2025;15:03:56;13,5;13,5;0;29,5;8,0;16,0;8,0;0;0;0,0;8;46,4;46,4;26,0;0;8200;14,0;58,1;8,0;60,0;0;57,6;8,0;8,0;0,00;0,00;0;0;47,5;139,0;6000;0;99;-2147483648;0;0;0;0;0;0;0;0;0;0;0;29,5;46,4;1;0;0;106;0;0;0;0,0;5882;0;0;0;
25.10.2025;15:04:56;13,5;13,5;0;29,5;8,0;16,0;8,0;0;0;0,0;8;46,4;46,4;26,0;0;8200;14,1;58,1;8,0;60,0;0;57,7;8,0;8,0;0,00;0,00;0;0;47,5;139,0;6000;0;99;-2147483648;0;0;0;0;0;0;0;0;0;0;0;29,5;46,4;1;0;0;106;0;0;0;0,0;5882;0;0;0;
25.10.2025;15:05:56;13,5;13,5;0;29,5;8,0;16,0;8,0;0;0;0,0;8;46,4;46,4;26,0;0;8200;14,1;58,0;8,0;60,0;0;57,5;8,0;8,0;0,00;0,00;0;0;47,5;139,0;6000;0;99;-2147483648;0;0;0;0;0;0;0;0;0;0;0;29,5;46,4;1;0;0;106;0;0;0;0,0;5882;0;0;0;
25.10.2025;15:06:56;13,5;13,6;0;29,5;8,0;16,0;8,0;0;0;0,0;8;46,4;46,4;26,0;0;8200;13,9;58,0;8,0;60,0;0;57,5;8,0;8,0;0,00;0,00;0;0;47,6;139,0;6000;0;99;-2147483648;0;0;0;0;0;0;0;0;0;0;0;29,5;46,4;1;0;0;106;0;0;0;0,0;5882;0;0;0;
25.10.2025;15:07:56;13,5;13,6;0;29,5;8,0;16,0;8,0;0;0;0,0;8;46,4;46,4;26,0;0;8200;14,1;57,9;8,0;60,0;0;57,4;8,0;8,0;0,00;0,00;0;0;47,6;139,0;6000;0;99;-2147483648;0;0;0;0;0;0;0;0;0;0;0;29,5;46,4;1;0;0;106;0;0;0;0,0;5882;0;0;0;
25.10.2025;15:08:56;13,5;13,6;0;29,5;8,0;16,0;8,0;0;0;0,0;8;46,4;46,4;26,0;0;8200;14,1;57,9;8,0;60,0;0;57,5;8,0;8,0;0,00;0,00;0;0;47,5;139,0;6000;0;99;-2147483648;0;0;0;0;0;0;0;0;0;0;0;29,5;46,4;1;0;0;106;0;0;0;0,0;5882;0;0;0;
25.10.2025;15:09:56;13,5;13,6;0;29,5;8,0;16,0;8,0;0;0;0,0;8;46,4;46,4;26,0;0;8200;14,0;57,9;8,0;60,0;0;57,5;8,0;8,0;0,00;0,00;0;0;47,6;139,0;6000;0;99;-2147483648;0;0;0;0;0;0;0;0;0;0;0;29,5;46,4;1;0;0;106;0;0;0;0,0;5882;0;0;0;
25.10.2025;15:10:56;13,5;13,6;0;29,5;8,0;16,0;8,0;0;0;0,0;8;46,4;46,4;26,0;0;8200;14,1;57,9;8,0;60,0;0;57,4;8,0;8,0;0,00;0,00;0;0;47,4;139,0;6000;0;99;-2147483648;0;0;0;0;0;0;0;0;0;0;0;29,5;46,4;1;0;0;106;0;0;0;0,0;5882;0;0;0;
25.10.2025;15:11:56;13,5;13,6;0;29,5;8,0;16,0;8,0;0;0;0,0;8;46,4;46,4;26,0;0;8200;14,0;57,8;8,0;60,0;0;57,5;8,0;8,0;0,00;0,00;0;0;47,4;139,0;6000;0;99;-2147483648;0;0;0;0;0;0;0;0;0;0;0;29,5;46,4;1;0;0;106;0;0;0;0,0;5882;0;0;0;
25.10.2025;15:12:56;13,5;13,6;0;29,5;8,0;16,0;8,0;0;0;0,0;8;46,4;46,4;26,0;0;8200;14,0;57,8;8,0;60,0;0;57,5;8,0;8,0;0,00;0,00;0;0;47,4;139,0;6000;0;99;-2147483648;0;0;0;0;0;0;0;0;0;0;0;29,5;46,4;1;0;0;106;0;0;0;0,0;5882;0;0;0;
25.10.2025;15:13:56;13,5;13,6;0;29,5;8,0;16,1;8,0;0;0;0,0;8;46,4;46,4;26,0;0;8200;14,2;57,8;8,0;60,0;0;57,4;8,0;8,0;0,00;0,00;0;0;47,6;139,0;6000;0;99;-2147483648;0;0;0;0;0;0;0;0;0;0;0;29,5;46,4;1;0;0;106;0;0;0;0,0;5882;0;0;0;
25.10.2025;15:14:56;13,5;13,6;0;29,5;8,0;16,1;8,0;0;0;0,0;8;46,3;46,3;26,0;0;8200;14,0;57,8;8,0;60,0;0;57,3;8,0;8,0;0,00;0,00;0;0;47,4;139,0;6000;0;99;-2147483648;0;0;0;0;0;0;0;0;0;0;0;29,5;46,3;1;0;0;106;0;0;0;0,0;5882;0;0;0;
25.10.2025;15:15:56;13,5;13,6;0;29,5;8,0;16,0;8,0;0;0;0,0;8;46,3;46,3;26,0;0;8200;14,0;57,8;8,0;60,0;0;57,3;8,0;8,0;0,00;0,00;0;0;47,5;139,0;6000;0;99;-2147483648;0;0;0;0;0;0;0;0;0;0;0;29,5;46,3;1;0;0;106;0;0;0;0,0;5882;0;0;0;
25.10.2025;15:16:56;13,5;13,7;0;29,4;8,0;16,0;8,0;0;0;0,0;8;46,4;46,4;26,0;0;8200;14,2;57,7;8,0;60,0;0;57,3;8,0;8,0;0,00;0,00;0;0;47,6;139,0;6000;0;99;-2147483648;0;0;0;0;0;0;0;0;0;0;0;29,4;46,4;1;0;0;106;0;0;0;0,0;5882;0;0;0;
25.10.2025;15:17:56;13,5;13,7;0;29,5;8,0;16,0;8,0;0;0;0,0;8;46,4;46,4;26,0;0;8200;14,0;57,7;8,0;60,0;0;57,2;8,0;8,0;0,00;0,00;0;0;47,6;139,0;6000;0;99;-2147483648;0;0;0;0;0;0;0;0;0;0;0;29,5;46,4;1;0;0;106;0;0;0;0,0;5882;0;0;0;
25.10.2025;15:18:56;13,5;13,7;0;29,4;8,0;16,0;8,0;0;0;0,0;8;46,3;46,3;26,0;0;8200;14,0;57,7;8,0;60,0;0;57,1;8,0;8,0;0,00;0,00;0;0;47,6;139,0;6000;0;99;-2147483648;0;0;0;0;0;0;0;0;0;0;0;29,4;46,3;1;0;0;106;0;0;0;0,0;5882;0;0;0;
25.10.2025;15:19:56;13,5;13,7;0;29,4;8,0;16,0;8,0;0;0;0,0;8;46,3;46,3;26,0;0;8200;14,0;57,7;8,0;60,0;0;57,1;8,0;8,0;0,00;0,00;0;0;47,6;139,0;6000;0;99;-2147483648;0;0;0;0;0;0;0;0;0;0;0;29,4;46,3;1;0;0;106;0;0;0;0,0;5882;0;0;0;
25.10.2025;15:20:56;13,5;13,7;0;29,5;8,0;16,0;8,0;0;0;0,0;8;46,4;46,4;26,0;0;8200;14,1;57,6;8,0;60,0;0;57,1;8,0;8,0;0,00;0,00;0;0;47,4;139,0;6000;0;99;-2147483648;0;0;0;0;0;0;0;0;0;0;0;29,5;46,4;1;0;0;106;0;0;0;0,0;5882;0;0;0;
25.10.2025;15:21:56;13,5;13,8;0;29,4;8,0;16,0;8,0;0;0;0,0;8;46,3;46,3;26,0;0;8200;14,0;57,6;8,0;60,0;0;57,1;8,0;8,0;0,00;0,00;0;0;47,5;139,0;6000;0;99;-2147483648;0;0;0;0;0;0;0;0;0;0;0;29,4;46,3;1;0;0;106;0;0;0;0,0;5882;0;0;0;
25.10.2025;15:22:56;13,5;13,7;0;29,4;8,0;16,0;8,0;0;0;0,0;8;46,3;46,3;26,0;0;8200;14,0;57,6;8,0;60,0;0;57,0;8,0;8,0;0,00;0,00;0;0;47,5;139,0;6000;0;99;-2147483648;0;0;0;0;0;0;0;0;0;0;0;29,4;46,3;1;0;0;106;0;0;0;0,0;5882;0;0;0;
25.10.2025;15:23:56;13,5;13,8;0;29,4;8,0;16,0;8,0;0;0;0,0;8;46,3;46,3;26,0;0;8200;14,0;57,5;8,0;60,0;0;57,0;8,0;8,0;0,00;0,00;0;0;47,6;139,0;6000;0;99;-2147483648;0;0;0;0;0;0;0;0;0;0;0;29,4;46,3;1;0;0;106;0;0;0;0,0;5882;0;0;0;
25.10.2025;15:24:56;13,5;13,7;0;29,4;8,0;16,0;8,0;0;0;0,0;8;46,3;46,3;26,0;0;8200;14,0;57,5;8,0;60,0;0;57,0;8,0;8,0;0,00;0,00;0;0;47,6;139,0;6000;0;99;-2147483648;0;0;0;0;0;0;0;0;0;0;0;29,4;46,3;1;0;0;106;0;0;0;0,0;5882;0;0;0;
25.10.2025;15:25:56;13,5;13,8;0;29,4;8,0;16,0;8,0;0;0;0,0;8;46,3;46,3;26,0;0;8200;14,3;57,5;8,0;60,0;0;57,0;8,0;8,0;0,00;0,00;0;0;47,4;139,0;6000;0;99;-2147483648;0;0;0;0;0;0;0;0;0;0;0;29,4;46,3;1;0;0;106;0;0;0;0,0;5882;0;0;0;
25.10.2025;15:26:56;13,5;13,8;0;29,4;8,0;16,0;8,0;0;0;0,0;8;46,3;46,3;26,0;0;8200;14,0;57,5;8,0;60,0;0;57,0;8,0;8,0;0,00;0,00;0;0;47,4;139,0;6000;0;99;-2147483648;0;0;0;0;0;0;0;0;0;0;0;29,4;46,3;1;0;0;106;0;0;0;0,0;5882;0;0;0;
25.10.2025;15:27:56;13,5;13,8;0;29,4;8,0;16,0;8,0;0;0;0,0;8;46,3;46,3;26,0;0;8200;14,1;57,5;8,0;60,0;0;57,0;8,0;8,0;0,00;0,00;0;0;47,4;139,0;6000;0;99;-2147483648;0;0;0;0;0;0;0;0;0;0;0;29,4;46,3;1;0;0;106;0;0;0;0,0;5882;0;0;0;
25.10.2025;15:28:56;13,5;13,8;0;29,4;8,0;16,0;8,0;0;0;0,0;8;46,3;46,3;26,0;0;8200;14,2;57,4;8,0;60,0;0;57,0;8,0;8,0;0,00;0,00;0;0;47,4;139,0;6000;0;99;-2147483648;0;0;0;0;0;0;0;0;0;0;0;29,4;46,3;1;0;0;106;0;0;0;0,0;5882;0;0;0;
25.10.2025;15:29:56;13,5;13,8;0;29,3;8,0;16,1;8,0;0;0;0,0;8;46,2;46,2;26,0;0;8200;14,0;57,4;8,0;60,0;0;57,0;8,0;8,0;0,00;0,00;0;0;47,4;139,0;6000;0;99;-2147483648;0;0;0;0;0;0;0;0;0;0;0;29,3;46,2;1;0;0;106;0;0;0;0,0;5882;0;0;0;
25.10.2025;15:30:56;13,5;13,8;0;29,4;8,0;16,1;8,0;0;0;0,0;8;46,2;46,2;26,0;0;8200;14,3;57,4;8,0;60,0;0;57,0;8,0;8,0;0,00;0,00;0;0;47,3;139,0;6000;0;99;-2147483648;0;0;0;0;0;0;0;0;0;0;0;29,4;46,2;1;0;0;106;0;0;0;0,0;5882;0;0;0;
25.10.2025;15:31:56;13,5;13,8;0;29,4;8,0;16,1;8,0;0;0;0,0;8;46,3;46,3;26,0;0;8200;14,1;57,4;8,0;60,0;0;57,0;8,0;8,0;0,00;0,00;0;0;47,5;139,0;6000;0;99;-2147483648;0;0;0;0;0;0;0;0;0;0;0;29,4;46,3;1;0;0;106;0;0;0;0,0;5882;0;0;0;
25.10.2025;15:32:56;13,5;13,8;0;29,4;8,0;16,2;8,0;0;0;0,0;8;46,3;46,3;26,0;0;8200;14,4;57,3;8,0;60,0;0;57,0;8,0;8,0;0,00;0,00;0;0;47,5;139,0;6000;0;99;-2147483648;0;0;0;0;0;0;0;0;0;0;0;29,4;46,3;1;0;0;106;0;0;0;0,0;5882;0;0;0;
25.10.2025;15:33:56;13,5;13,7;0;29,3;8,0;16,2;8,0;0;0;0,0;8;46,2;46,2;26,0;0;8200;14,1;57,3;8,0;60,0;0;56,9;8,0;8,0;0,00;0,00;0;0;47,3;139,0;6000;0;99;-2147483648;0;0;0;0;0;0;0;0;0;0;0;29,3;46,2;1;0;0;106;0;0;0;0,0;5882;0;0;0;
25.10.2025;15:34:56;13,5;13,8;0;29,3;8,0;16,2;8,0;0;0;0,0;8;46,2;46,2;26,0;0;8200;14,5;57,3;8,0;60,0;0;56,9;8,0;8,0;0,00;0,00;0;0;47,4;139,0;6000;0;99;-2147483648;0;0;0;0;0;0;0;0;0;0;0;29,3;46,2;1;0;0;106;0;0;0;0,0;5882;0;0;0;
25.10.2025;15:35:56;13,6;13,8;0;29,3;8,0;16,2;8,0;0;0;0,0;8;46,2;46,2;26,0;0;8200;14,0;57,3;8,0;60,0;0;56,9;8,0;8,0;0,00;0,00;0;0;47,4;139,0;6000;0;99;-2147483648;0;0;0;0;0;0;0;0;0;0;0;29,3;46,2;1;0;0;106;0;0;0;0,0;5882;0;0;0;
25.10.2025;15:36:56;13,6;13,7;0;29,3;8,0;16,2;8,0;0;0;0,0;8;46,2;46,2;26,0;0;8200;14,2;57,2;8,0;60,0;0;56,8;8,0;8,0;0,00;0,00;0;0;47,4;139,0;6000;0;99;-2147483648;0;0;0;0;0;0;0;0;0;0;0;29,3;46,2;1;0;0;106;0;0;0;0,0;5882;0;0;0;
25.10.2025;15:37:56;13,6;13,7;0;29,3;8,0;16,2;8,0;0;0;0,0;8;46,2;46,2;26,0;0;8200;14,2;57,2;8,0;60,0;0;56,7;8,0;8,0;0,00;0,00;0;0;47,3;139,0;6000;0;99;-2147483648;0;0;0;0;0;0;0;0;0;0;0;29,3;46,2;1;0;0;106;0;0;0;0,0;5882;0;0;0;
25.10.2025;15:38:56;13,6;13,7;0;29,3;8,0;16,1;8,0;0;0;0,0;8;46,2;46,2;26,0;0;8200;14,1;57,2;8,0;60,0;0;56,7;8,0;8,0;0,00;0,00;0;0;47,4;139,0;6000;0;99;-2147483648;0;0;0;0;0;0;0;0;0;0;0;29,3;46,2;1;0;0;106;0;0;0;0,0;5882;0;0;0;
25.10.2025;15:39:56;13,6;13,7;0;29,3;8,0;16,1;8,0;0;0;0,0;8;46,2;46,2;26,0;0;8200;14,1;57,2;8,0;60,0;0;56,7;8,0;8,0;0,00;0,00;0;0;47,4;139,0;6000;0;99;-2147483648;0;0;0;0;0;0;0;0;0;0;0;29,3;46,2;1;0;0;106;0;0;0;0,0;5882;0;0;0;
25.10.2025;15:40:56;13,6;13,7;0;29,3;8,0;16,1;8,0;0;0;0,0;8;46,2;46,2;26,0;0;8200;14,1;57,1;8,0;60,0;0;56,7;8,0;8,0;0,00;0,00;0;0;47,4;139,0;6000;0;99;-2147483648;0;0;0;0;0;0;0;0;0;0;0;29,3;46,2;1;0;0;106;0;0;0;0,0;5882;0;0;0;
25.10.2025;15:41:56;13,6;13,7;0;29,3;8,0;16,1;8,0;0;0;0,0;8;46,2;46,2;26,0;0;8200;14,0;57,1;8,0;60,0;0;56,7;8,0;8,0;0,00;0,00;0;0;47,6;139,0;6000;0;99;-2147483648;0;0;0;0;0;0;0;0;0;0;0;29,3;46,2;1;0;0;106;0;0;0;0,0;5882;0;0;0;
25.10.2025;15:42:56;13,6;13,7;0;29,3;8,0;16,2;8,0;0;0;0,0;8;46,2;46,2;26,0;0;8200;14,1;57,1;8,0;60,0;0;56,6;8,0;8,0;0,00;0,00;0;0;47,4;139,0;6000;0;99;-2147483648;0;0;0;0;0;0;0;0;0;0;0;29,3;46,2;1;0;0;106;0;0;0;0,0;5882;0;0;0;
25.10.2025;15:43:56;13,6;13,7;0;29,3;8,0;16,2;8,0;0;0;0,0;8;46,1;46,1;26,0;0;8200;14,3;57,0;8,0;60,0;0;56,6;8,0;8,0;0,00;0,00;0;0;47,4;139,0;6000;0;99;-2147483648;0;0;0;0;0;0;0;0;0;0;0;29,3;46,1;1;0;0;106;0;0;0;0,0;5882;0;0;0;
25.10.2025;15:44:56;13,6;13,7;0;29,3;8,0;16,2;8,0;0;0;0,0;8;46,2;46,2;26,0;0;8200;14,0;57,0;8,0;60,0;0;56,6;8,0;8,0;0,00;0,00;0;0;47,5;139,0;6000;0;99;-2147483648;0;0;0;0;0;0;0;0;0;0;0;29,3;46,2;1;0;0;106;0;0;0;0,0;5882;0;0;0;
25.10.2025;15:45:56;13,6;13,7;0;29,3;8,0;16,1;8,0;0;0;0,0;8;46,1;46,1;26,0;0;8200;14,3;57,0;8,0;60,0;0;56,5;8,0;8,0;0,00;0,00;0;0;47,4;139,0;6000;0;99;-2147483648;0;0;0;0;0;0;0;0;0;0;0;29,3;46,1;1;0;0;106;0;0;0;0,0;5882;0;0;0;
25.10.2025;15:46:56;13,6;13,7;0;29,3;8,0;16,1;8,0;0;0;0,0;8;46,1;46,1;26,0;0;8200;14,1;57,0;8,0;60,0;0;56,5;8,0;8,0;0,00;0,00;0;0;47,5;139,0;6000;0;99;-2147483648;0;0;0;0;0;0;0;0;0;0;0;29,3;46,1;1;0;0;106;0;0;0;0,0;5882;0;0;0;
25.10.2025;15:47:56;13,6;13,7;0;29,3;8,0;16,0;8,0;0;0;0,0;8;46,1;46,1;26,0;0;8200;14,1;57,0;8,0;60,0;0;56,5;8,0;8,0;0,00;0,00;0;0;47,4;139,0;6000;0;99;-2147483648;0;0;0;0;0;0;0;0;0;0;0;29,3;46,1;1;0;0;106;0;0;0;0,0;5882;0;0;0;
25.10.2025;15:48:56;13,6;13,7;0;29,3;8,0;16,0;8,0;0;0;0,0;8;46,1;46,1;26,0;0;8200;14,1;56,9;8,0;60,0;0;56,4;8,0;8,0;0,00;0,00;0;0;47,4;139,0;6000;0;99;-2147483648;0;0;0;0;0;0;0;0;0;0;0;29,2;46,1;1;0;0;106;0;0;0;0,0;5882;0;0;0;
25.10.2025;15:49:56;13,6;13,7;0;29,2;8,0;16,0;8,0;0;0;0,0;8;46,1;46,1;26,0;0;8200;14,1;56,9;8,0;60,0;0;56,4;8,0;8,0;0,00;0,00;0;0;47,4;139,0;6000;0;99;-2147483648;0;0;0;0;0;0;0;0;0;0;0;29,2;46,1;1;0;0;106;0;0;0;0,0;5882;0;0;0;
25.10.2025;15:50:56;13,6;13,7;0;29,2;8,0;16,0;8,0;0;0;0,0;8;46,1;46,1;26,0;0;8200;14,0;56,9;8,0;60,0;0;56,5;8,0;8,0;0,00;0,00;0;0;47,4;139,0;6000;0;99;-2147483648;0;0;0;0;0;0;0;0;0;0;0;29,2;46,1;1;0;0;106;0;0;0;0,0;5882;0;0;0;
25.10.2025;15:51:56;13,6;13,7;0;29,2;8,0;16,1;8,0;0;0;0,0;8;46,1;46,1;26,0;0;8200;14,3;56,8;8,0;60,0;0;56,4;8,0;8,0;0,00;0,00;0;0;47,4;139,0;6000;0;99;-2147483648;0;0;0;0;0;0;0;0;0;0;0;29,2;46,1;1;0;0;106;0;0;0;0,0;5882;0;0;0;
25.10.2025;15:52:56;13,6;13,7;0;29,2;8,0;16,1;8,0;0;0;0,0;8;46,0;46,0;26,0;0;8200;14,1;56,8;8,0;60,0;0;56,4;8,0;8,0;0,00;0,00;0;0;47,3;139,0;6000;0;99;-2147483648;0;0;0;0;0;0;0;0;0;0;0;29,2;46,0;1;0;0;106;0;0;0;0,0;5882;0;0;0;
25.10.2025;15:53:56;13,6;13,7;0;29,2;8,0;16,1;8,0;0;0;0,0;8;46,1;46,1;26,0;0;8200;14,0;56,8;8,0;60,0;0;56,4;8,0;8,0;0,00;0,00;0;0;47,3;139,0;6000;0;99;-2147483648;0;0;0;0;0;0;0;0;0;0;0;29,2;46,1;1;0;0;106;0;0;0;0,0;5882;0;0;0;
25.10.2025;15:54:56;13,6;13,7;0;29,2;8,0;16,1;8,0;0;0;0,0;8;46,1;46,1;26,0;0;8200;14,3;56,8;8,0;60,0;0;56,4;8,0;8,0;0,00;0,00;0;0;47,6;139,0;6000;0;99;-2147483648;0;0;0;0;0;0;0;0;0;0;0;29,2;46,1;1;0;0;106;0;0;0;0,0;5882;0;0;0;
25.10.2025;15:55:56;13,6;13,7;0;29,2;8,0;16,1;8,0;0;0;0,0;8;46,0;46,0;26,0;0;8200;14,0;56,8;8,0;60,0;0;56,2;8,0;8,0;0,00;0,00;0;0;47,6;139,0;6000;0;99;-2147483648;0;0;0;0;0;0;0;0;0;0;0;29,2;46,0;1;0;0;106;0;0;0;0,0;5882;0;0;0;
25.10.2025;15:56:56;13,6;13,7;0;29,2;8,0;16,1;8,0;0;0;0,0;8;46,0;46,0;26,0;0;8200;14,2;56,7;8,0;60,0;0;56,2;8,0;8,0;0,00;0,00;0;0;47,4;139,0;6000;0;99;-2147483648;0;0;0;0;0;0;0;0;0;0;0;29,2;46,0;1;0;0;106;0;0;0;0,0;5882;0;0;0;
25.10.2025;15:57:56;13,6;13,8;0;29,2;8,0;16,1;8,0;0;0;0,0;8;46,1;46,1;26,0;0;8200;14,1;56,7;8,0;60,0;0;56,1;8,0;8,0;0,00;0,00;0;0;47,7;139,0;6000;0;99;-2147483648;0;0;0;0;0;0;0;0;0;0;0;29,2;46,1;1;0;0;106;0;0;0;0,0;5882;0;0;0;
25.10.2025;15:58:56;13,6;13,7;0;29,2;8,0;16,1;8,0;0;0;0,0;8;46,0;46,0;26,0;0;8200;14,2;56,7;8,0;60,0;0;56,1;8,0;8,0;0,00;0,00;0;0;47,4;139,0;6000;0;99;-2147483648;0;0;0;0;0;0;0;0;0;0;0;29,2;46,0;1;0;0;106;0;0;0;0,0;5882;0;0;0;
25.10.2025;15:59:56;13,6;13,7;0;29,2;8,0;16,0;8,0;0;0;0,0;8;46,0;46,0;26,0;0;8200;14,1;56,6;8,0;60,0;0;56,1;8,0;8,0;0,00;0,00;0;0;47,3;139,0;6000;0;99;-2147483648;0;0;0;0;0;0;0;0;0;0;0;29,2;46,0;1;0;0;106;0;0;0;0,0;5882;0;0;0;
25.10.2025;16:00:56;13,6;13,8;0;29,2;8,0;16,0;8,0;0;0;0,0;8;46,1;46,1;26,0;0;8200;14,1;56,6;8,0;60,0;0;56,1;8,0;8,0;0,00;0,00;0;0;47,6;139,0;6000;0;99;-2147483648;0;0;0;0;0;0;0;0;0;0;0;29,2;46,1;1;0;0;106;0;0;0;0,0;5882;0;0;0;
25.10.2025;16:01:56;13,6;13,7;0;29,2;8,0;16,0;8,0;0;0;0,0;8;46,0;46,0;26,0;0;8200;14,2;56,6;8,0;60,0;0;56,0;8,0;8,0;0,00;0,00;0;0;47,3;139,0;6000;0;99;-2147483648;0;0;0;0;0;0;0;0;0;0;0;29,2;46,0;1;0;0;106;0;0;0;0,0;5882;0;0;0;
25.10.2025;16:02:56;13,6;13,8;0;29,2;8,0;16,1;8,0;0;0;0,0;8;46,0;46,0;26,0;0;8200;14,2;56,6;8,0;60,0;0;56,1;8,0;8,0;0,00;0,00;0;0;47,4;139,0;6000;0;99;-2147483648;0;0;0;0;0;0;0;0;0;0;0;29,2;46,0;1;0;0;106;0;0;0;0,0;5882;0;0;0;
25.10.2025;16:03:56;13,7;13,7;0;29,2;8,0;16,1;8,0;0;0;0,0;8;46,0;46,0;26,0;0;8200;14,4;56,5;8,0;60,0;0;56,0;8,0;8,0;0,00;0,00;0;0;47,4;139,0;6000;0;99;-2147483648;0;0;0;0;0;0;0;0;0;0;0;29,2;46,0;1;0;0;106;0;0;0;0,0;5882;0;0;0;
25.10.2025;16:04:56;13,7;13,7;0;29,2;8,0;16,1;8,0;0;0;0,0;8;46,0;46,0;26,0;0;8200;14,1;56,5;8,0;60,0;0;56,0;8,0;8,0;0,00;0,00;0;0;47,5;139,0;6000;0;99;-2147483648;0;0;0;0;0;0;0;0;0;0;0;29,2;46,0;1;0;0;106;0;0;0;0,0;5882;0;0;0;
25.10.2025;16:05:56;13,7;13,7;0;29,2;8,0;16,1;8,0;0;0;0,0;8;46,0;46,0;26,0;0;8200;14,2;56,5;8,0;60,0;0;56,0;8,0;8,0;0,00;0,00;0;0;47,4;139,0;6000;0;99;-2147483648;0;0;0;0;0;0;0;0;0;0;0;29,2;46,0;1;0;0;106;0;0;0;0,0;5882;0;0;0;
25.10.2025;16:06:56;13,7;13,8;0;29,1;8,0;16,1;8,0;0;0;0,0;8;46,0;46,0;26,0;0;8200;14,1;56,5;8,0;60,0;0;55,8;8,0;8,0;0,00;0,00;0;0;47,2;139,0;6000;0;99;-2147483648;0;0;0;0;0;0;0;0;0;0;0;29,1;46,0;1;0;0;106;0;0;0;0,0;5882;0;0;0;
25.10.2025;16:07:56;13,7;13,7;0;29,2;8,0;16,1;8,0;0;0;0,0;8;46,0;46,0;26,0;0;8200;14,1;56,4;8,0;60,0;0;56,0;8,0;8,0;0,00;0,00;0;0;47,6;139,0;6000;0;99;-2147483648;0;0;0;0;0;0;0;0;0;0;0;29,2;46,0;1;0;0;106;0;0;0;0,0;5882;0;0;0;
25.10.2025;16:08:56;13,7;13,7;0;29,2;8,0;16,1;8,0;0;0;0,0;8;46,0;46,0;26,0;0;8200;14,3;56,4;8,0;60,0;0;55,9;8,0;8,0;0,00;0,00;0;0;47,5;139,0;6000;0;99;-2147483648;0;0;0;0;0;0;0;0;0;0;0;29,2;46,0;1;0;0;106;0;0;0;0,0;5882;0;0;0;
25.10.2025;16:09:56;13,7;13,8;0;29,2;8,0;16,1;8,0;0;0;0,0;8;46,1;46,1;26,0;0;8200;14,2;56,4;8,0;60,0;0;55,9;8,0;8,0;0,00;0,00;0;0;47,6;139,0;6000;0;99;-2147483648;0;0;0;0;0;0;0;0;0;0;0;29,2;46,1;1;0;0;106;0;0;0;0,0;5882;0;0;0;
25.10.2025;16:10:56;13,7;13,7;0;29,1;8,0;16,1;8,0;0;0;0,0;8;45,9;45,9;26,0;0;8200;14,1;56,4;8,0;60,0;0;55,7;8,0;8,0;0,00;0,00;0;0;47,6;139,0;6000;0;99;-2147483648;0;0;0;0;0;0;0;0;0;0;0;29,1;45,9;1;0;0;106;0;0;0;0,0;5882;0;0;0;
25.10.2025;16:11:56;13,7;13,7;0;29,1;8,0;16,1;8,0;0;0;0,0;8;45,9;45,9;26,0;0;8200;14,1;56,3;8,0;60,0;0;55,7;8,0;8,0;0,00;0,00;0;0;47,5;139,0;6000;0;99;-2147483648;0;0;0;0;0;0;0;0;0;0;0;29,2;45,9;1;0;0;106;0;0;0;0,0;5882;0;0;0;
25.10.2025;16:12:56;13,7;13,6;0;29,1;8,0;16,1;8,0;0;0;0,0;8;45,9;45,9;26,0;0;8200;14,0;56,3;8,0;60,0;0;55,6;8,0;8,0;0,00;0,00;0;0;47,4;139,0;6000;0;99;-2147483648;0;0;0;0;0;0;0;0;0;0;0;29,1;45,9;1;0;0;106;0;0;0;0,0;5882;0;0;0;
25.10.2025;16:13:56;13,7;13,6;0;29,1;8,0;16,1;8,0;0;0;0,0;8;45,9;45,9;26,0;0;8200;14,1;56,3;8,0;60,0;0;55,6;8,0;8,0;0,00;0,00;0;0;47,4;139,0;6000;0;99;-2147483648;0;0;0;0;0;0;0;0;0;0;0;29,1;45,9;1;0;0;106;0;0;0;0,0;5882;0;0;0;
25.10.2025;16:14:56;13,7;13,6;0;29,2;8,0;16,1;8,0;0;0;0,0;8;45,9;45,9;26,0;0;8200;14,2;56,3;8,0;60,0;0;55,7;8,0;8,0;0,00;0,00;0;0;47,5;139,0;6000;0;99;-2147483648;0;0;0;0;0;0;0;0;0;0;0;29,2;45,9;1;0;0;106;0;0;0;0,0;5882;0;0;0;
25.10.2025;16:15:56;13,7;13,7;0;29,2;8,0;16,1;8,0;0;0;0,0;8;46,0;46,0;26,0;0;8200;14,2;56,2;8,0;60,0;0;55,7;8,0;8,0;0,00;0,00;0;0;47,4;139,0;6000;0;99;-2147483648;0;0;0;0;0;0;0;0;0;0;0;29,2;46,0;1;0;0;106;0;0;0;0,0;5882;0;0;0;
25.10.2025;16:16:56;13,7;13,6;0;29,1;8,0;16,1;8,0;0;0;0,0;8;45,9;45,9;26,0;0;8200;14,2;56,2;8,0;60,0;0;55,7;8,0;8,0;0,00;0,00;0;0;47,5;139,0;6000;0;99;-2147483648;0;0;0;0;0;0;0;0;0;0;0;29,2;46,0;1;0;0;106;0;0;0;0,0;5882;0;0;0;
25.10.2025;16:17:56;13,7;13,6;0;29,1;8,0;16,1;8,0;0;0;0,0;8;45,9;45,9;26,0;0;8200;14,2;56,2;8,0;60,0;0;55,6;8,0;8,0;0,00;0,00;0;0;47,4;139,0;6000;0;99;-2147483648;0;0;0;0;0;0;0;0;0;0;0;29,1;45,9;1;0;0;106;0;0;0;0,0;5882;0;0;0;
25.10.2025;16:18:56;13,7;13,6;0;29,1;8,0;16,1;8,0;0;0;0,0;8;45,9;45,9;26,0;0;8200;14,1;56,2;8,0;60,0;0;55,6;8,0;8,0;0,00;0,00;0;0;47,3;139,0;6000;0;99;-2147483648;0;0;0;0;0;0;0;0;0;0;0;29,1;45,9;1;0;0;106;0;0;0;0,0;5882;0;0;0;
25.10.2025;16:19:56;13,7;13,6;0;29,1;8,0;16,1;8,0;0;0;0,0;8;45,8;45,8;26,0;0;8200;14,4;56,2;8,0;60,0;0;55,7;8,0;8,0;0,00;0,00;0;0;47,3;139,0;6000;0;99;-2147483648;0;0;0;0;0;0;0;0;0;0;0;29,0;45,8;1;0;0;106;0;0;0;0,0;5882;0;0;0;
25.10.2025;16:20:56;13,7;13,6;0;29,1;8,0;16,1;8,0;0;0;0,0;8;45,9;45,9;26,0;0;8200;14,3;56,1;8,0;60,0;0;55,6;8,0;8,0;0,00;0,00;0;0;47,5;139,0;6000;0;99;-2147483648;0;0;0;0;0;0;0;0;0;0;0;29,1;45,9;1;0;0;106;0;0;0;0,0;5882;0;0;0;
25.10.2025;16:21:56;13,7;13,7;0;29,1;8,0;16,2;8,0;0;0;0,0;8;45,9;45,9;26,0;0;8200;14,3;56,1;8,0;60,0;0;55,6;8,0;8,0;0,00;0,00;0;0;47,6;139,0;6000;0;99;-2147483648;0;0;0;0;0;0;0;0;0;0;0;29,1;45,9;1;0;0;106;0;0;0;0,0;5882;0;0;0;
25.10.2025;16:22:56;13,7;13,6;0;29,1;8,0;16,2;8,0;0;0;0,0;8;45,9;45,9;26,0;0;8200;14,2;56,1;8,0;60,0;0;55,7;8,0;8,0;0,00;0,00;0;0;47,5;139,0;6000;0;99;-2147483648;0;0;0;0;0;0;0;0;0;0;0;29,1;45,9;1;0;0;106;0;0;0;0,0;5882;0;0;0;
25.10.2025;16:23:56;13,7;13,6;0;29,1;8,0;16,1;8,0;0;0;0,0;8;45,9;45,9;26,0;0;8200;14,1;56,1;8,0;60,0;0;55,5;8,0;8,0;0,00;0,00;0;0;47,5;139,0;6000;0;99;-2147483648;0;0;0;0;0;0;0;0;0;0;0;29,1;45,9;1;0;0;106;0;0;0;0,0;5882;0;0;0;
25.10.2025;16:24:56;13,7;13,6;0;29,0;8,0;16,2;8,0;0;0;0,0;8;45,8;45,8;26,0;0;8200;14,3;56,0;8,0;60,0;0;55,6;8,0;8,0;0,00;0,00;0;0;47,4;139,0;6000;0;99;-2147483648;0;0;0;0;0;0;0;0;0;0;0;29,0;45,8;1;0;0;106;0;0;0;0,0;5882;0;0;0;
25.10.2025;16:25:56;13,6;13,6;0;29,0;8,0;16,2;8,0;0;0;0,0;8;45,8;45,8;26,0;0;8200;14,3;56,0;8,0;60,0;0;55,6;8,0;8,0;0,00;0,00;0;0;47,3;139,0;6000;0;99;-2147483648;0;0;0;0;0;0;0;0;0;0;0;29,0;45,8;1;0;0;106;0;0;0;0,0;5882;0;0;0;
25.10.2025;16:26:56;13,6;13,6;0;29,0;8,0;16,2;8,0;0;0;0,0;8;45,8;45,8;26,0;0;8200;14,2;56,0;8,0;60,0;0;55,6;8,0;8,0;0,00;0,00;0;0;47,4;139,0;6000;0;99;-2147483648;0;0;0;0;0;0;0;0;0;0;0;29,0;45,8;1;0;0;106;0;0;0;0,0;5882;0;0;0;
25.10.2025;16:27:56;13,6;13,6;0;29,1;8,0;16,2;8,0;0;0;0,0;8;45,9;45,9;26,0;0;8200;14,1;55,9;8,0;60,0;0;55,4;8,0;8,0;0,00;0,00;0;0;47,3;139,0;6000;0;99;-2147483648;0;0;0;0;0;0;0;0;0;0;0;29,1;45,9;1;0;0;106;0;0;0;0,0;5882;0;0;0;
25.10.2025;16:28:56;13,6;13,6;0;29,0;8,0;16,2;8,0;0;0;0,0;8;45,8;45,8;26,0;0;8200;14,4;55,9;8,0;60,0;0;55,5;8,0;8,0;0,00;0,00;0;0;47,3;139,0;6000;0;99;-2147483648;0;0;0;0;0;0;0;0;0;0;0;29,0;45,8;1;0;0;106;0;0;0;0,0;5882;0;0;0;
25.10.2025;16:29:56;13,6;13,6;0;29,1;8,0;16,2;8,0;0;0;0,0;8;45,9;45,9;26,0;0;8200;14,3;55,9;8,0;60,0;0;55,5;8,0;8,0;0,00;0,00;0;0;47,5;139,0;6000;0;99;-2147483648;0;0;0;0;0;0;0;0;0;0;0;29,1;45,9;1;0;0;106;0;0;0;0,0;5882;0;0;0;
25.10.2025;16:30:56;13,6;13,6;0;29,0;8,0;16,2;8,0;0;0;0,0;8;45,8;45,8;26,0;0;8200;14,2;55,9;8,0;60,0;0;55,5;8,0;8,0;0,00;0,00;0;0;47,3;139,0;6000;0;99;-2147483648;0;0;0;0;0;0;0;0;0;0;0;29,0;45,8;1;0;0;106;0;0;0;0,0;5882;0;0;0;
25.10.2025;16:31:56;13,6;13,6;0;29,0;8,0;16,2;8,0;0;0;0,0;8;45,8;45,8;26,0;0;8200;14,1;55,9;8,0;60,0;0;55,5;8,0;8,0;0,00;0,00;0;0;47,3;139,0;6000;0;99;-2147483648;0;0;0;0;0;0;0;0;0;0;0;29,0;45,8;1;0;0;106;0;0;0;0,0;5882;0;0;0;
25.10.2025;16:32:56;13,6;13,6;0;29,0;8,0;16,2;8,0;0;0;0,0;8;45,8;45,8;26,0;0;8200;14,2;55,8;8,0;60,0;0;55,5;8,0;8,0;0,00;0,00;0;0;47,3;139,0;6000;0;99;-2147483648;0;0;0;0;0;0;0;0;0;0;0;29,0;45,8;1;0;0;106;0;0;0;0,0;5882;0;0;0;
25.10.2025;16:33:56;13,6;13,6;0;29,0;8,0;16,2;8,0;0;0;0,0;8;45,8;45,8;26,0;0;8200;14,2;55,8;8,0;60,0;0;55,6;8,0;8,0;0,00;0,00;0;0;47,6;139,0;6000;0;99;-2147483648;0;0;0;0;0;0;0;0;0;0;0;29,0;45,8;1;0;0;106;0;0;0;0,0;5882;0;0;0;
25.10.2025;16:34:56;13,6;13,6;0;29,0;8,0;16,1;8,0;0;0;0,0;8;45,8;45,8;26,0;0;8200;14,1;55,8;8,0;60,0;0;55,5;8,0;8,0;0,00;0,00;0;0;47,4;139,0;6000;0;99;-2147483648;0;0;0;0;0;0;0;0;0;0;0;29,0;45,8;1;0;0;106;0;0;0;0,0;5882;0;0;0;
25.10.2025;16:35:56;13,6;13,6;0;29,0;8,0;16,1;8,0;0;0;0,0;8;45,8;45,8;26,0;0;8200;14,3;55,8;8,0;60,0;0;55,5;8,0;8,0;0,00;0,00;0;0;47,3;139,0;6000;0;99;-2147483648;0;0;0;0;0;0;0;0;0;0;0;29,0;45,8;1;0;0;106;0;0;0;0,0;5882;0;0;0;
25.10.2025;16:36:56;13,6;13,7;0;29,0;8,0;16,1;8,0;0;0;0,0;8;45,8;45,8;26,0;0;8200;14,2;55,8;8,0;60,0;0;55,5;8,0;8,0;0,00;0,00;0;0;47,5;139,0;6000;0;99;-2147483648;0;0;0;0;0;0;0;0;0;0;0;29,0;45,8;1;0;0;106;0;0;0;0,0;5882;0;0;0;
25.10.2025;16:37:56;13,6;13,6;0;29,0;8,0;16,2;8,0;0;0;0,0;8;45,8;45,8;26,0;0;8200;14,3;55,7;8,0;60,0;0;55,5;8,0;8,0;0,00;0,00;0;0;47,3;139,0;6000;0;99;-2147483648;0;0;0;0;0;0;0;0;0;0;0;29,0;45,8;1;0;0;106;0;0;0;0,0;5882;0;0;0;
25.10.2025;16:38:56;13,6;13,6;0;29,0;8,0;16,2;8,0;0;0;0,0;8;45,8;45,8;26,0;0;8200;14,2;55,7;8,0;60,0;0;55,4;8,0;8,0;0,00;0,00;0;0;47,3;139,0;6000;0;99;-2147483648;0;0;0;0;0;0;0;0;0;0;0;29,0;45,8;1;0;0;106;0;0;0;0,0;5882;0;0;0;
25.10.2025;16:39:56;13,6;13,6;0;29,0;8,0;16,2;8,0;0;0;0,0;8;45,8;45,8;26,0;0;8200;14,3;55,7;8,0;60,0;0;55,4;8,0;8,0;0,00;0,00;0;0;47,2;139,0;6000;0;99;-2147483648;0;0;0;0;0;0;0;0;0;0;0;29,0;45,8;1;0;0;106;0;0;0;0,0;5882;0;0;0;
25.10.2025;16:40:56;13,6;13,6;0;29,0;8,0;16,3;8,0;0;0;0,0;8;45,8;45,8;26,0;0;8200;14,4;55,7;8,0;60,0;0;55,4;8,0;8,0;0,00;0,00;0;0;47,0;139,0;6000;0;99;-2147483648;0;0;0;0;0;0;0;0;0;0;0;29,0;45,8;1;0;0;106;0;0;0;0,0;5882;0;0;0;
25.10.2025;16:41:56;13,6;13,6;0;28,9;8,0;16,3;8,0;0;0;0,0;8;45,7;45,7;26,0;0;8200;14,3;55,6;8,0;60,0;0;55,4;8,0;8,0;0,00;0,00;0;0;47,2;139,0;6000;0;99;-2147483648;0;0;0;0;0;0;0;0;0;0;0;28,9;45,7;1;0;0;106;0;0;0;0,0;5882;0;0;0;
25.10.2025;16:42:56;13,6;13,6;0;28,9;8,0;16,3;8,0;0;0;0,0;8;45,7;45,7;26,0;0;8200;14,3;55,6;8,0;60,0;0;55,4;8,0;8,0;0,00;0,00;0;0;47,1;139,0;6000;0;99;-2147483648;0;0;0;0;0;0;0;0;0;0;0;28,9;45,7;1;0;0;106;0;0;0;0,0;5882;0;0;0;
25.10.2025;16:43:56;13,6;13,5;0;28,9;8,0;16,3;8,0;0;0;0,0;8;45,7;45,7;26,0;0;8200;14,2;55,6;8,0;60,0;0;55,4;8,0;8,0;0,00;0,00;0;0;47,1;139,0;6000;0;99;-2147483648;0;0;0;0;0;0;0;0;0;0;0;28,9;45,7;1;0;0;106;0;0;0;0,0;5882;0;0;0;
25.10.2025;16:44:56;13,6;13,4;0;28,9;8,0;16,3;8,0;0;0;0,0;8;45,7;45,7;26,0;0;8200;14,2;55,6;8,0;60,0;0;55,4;8,0;8,0;0,00;0,00;0;0;47,2;139,0;6000;0;99;-2147483648;0;0;0;0;0;0;0;0;0;0;0;28,9;45,7;1;0;0;106;0;0;0;0,0;5882;0;0;0;
25.10.2025;16:45:56;13,6;13,3;0;28,9;8,0;16,2;8,0;0;0;0,0;8;45,7;45,7;26,0;0;8200;14,2;55,5;8,0;60,0;0;55,4;8,0;8,0;0,00;0,00;0;0;47,2;139,0;6000;0;99;-2147483648;0;0;0;0;0;0;0;0;0;0;0;28,9;45,7;1;0;0;106;0;0;0;0,0;5882;0;0;0;
25.10.2025;16:46:56;13,6;13,2;0;28,9;8,0;16,2;8,0;0;0;0,0;8;45,7;45,7;26,0;0;8200;14,0;55,5;8,0;60,0;0;55,4;8,0;8,0;0,00;0,00;0;0;47,1;139,0;6000;0;99;-2147483648;0;0;0;0;0;0;0;0;0;0;0;28,9;45,7;1;0;0;106;0;0;0;0,0;5882;0;0;0;
25.10.2025;16:47:56;13,6;13,1;0;28,9;8,0;16,1;8,0;0;0;0,0;8;45,7;45,7;26,0;0;8200;14,3;55,5;8,0;60,0;0;55,3;8,0;8,0;0,00;0,00;0;0;47,2;139,0;6000;0;99;-2147483648;0;0;0;0;0;0;0;0;0;0;0;28,9;45,7;1;0;0;106;0;0;0;0,0;5882;0;0;0;
25.10.2025;16:48:56;13,6;13,0;0;28,9;8,0;16,1;8,0;0;0;0,0;8;45,7;45,7;26,0;0;8200;14,2;55,5;8,0;60,0;0;55,3;8,0;8,0;0,00;0,00;0;0;47,1;139,0;6000;0;99;-2147483648;0;0;0;0;0;0;0;0;0;0;0;28,9;45,7;1;0;0;106;0;0;0;0,0;5882;0;0;0;
25.10.2025;16:49:56;13,6;12,9;0;28,9;8,0;16,1;8,0;0;0;0,0;8;45,7;45,7;26,0;0;8200;14,1;55,4;8,0;60,0;0;55,3;8,0;8,0;0,00;0,00;0;0;47,2;139,0;6000;0;99;-2147483648;0;0;0;0;0;0;0;0;0;0;0;28,9;45,7;1;0;0;106;0;0;0;0,0;5882;0;0;0;
25.10.2025;16:50:56;13,5;12,9;0;28,8;8,0;16,1;8,0;0;0;0,0;8;45,7;45,7;26,0;0;8200;14,2;55,4;8,0;60,0;0;55,3;8,0;8,0;0,00;0,00;0;0;47,1;139,0;6000;0;99;-2147483648;0;0;0;0;0;0;0;0;0;0;0;28,8;45,7;1;0;0;106;0;0;0;0,0;5882;0;0;0;
25.10.2025;16:51:56;13,5;12,8;0;28,8;8,0;16,1;8,0;0;0;0,0;8;45,7;45,7;26,0;0;8200;14,1;55,4;8,0;60,0;0;55,3;8,0;8,0;0,00;0,00;0;0;47,2;139,0;6000;0;99;-2147483648;0;0;0;0;0;0;0;0;0;0;0;28,8;45,7;1;0;0;106;0;0;0;0,0;5882;0;0;0;
25.10.2025;16:52:56;13,5;12,7;0;28,8;8,0;16,1;8,0;0;0;0,0;8;45,6;45,6;26,0;0;8200;14,3;55,4;8,0;60,0;0;55,3;8,0;8,0;0,00;0,00;0;0;47,1;139,0;6000;0;99;-2147483648;0;0;0;0;0;0;0;0;0;0;0;28,8;45,6;1;0;0;106;0;0;0;0,0;5882;0;0;0;
25.10.2025;16:53:56;13,5;12,7;0;28,8;8,0;16,1;8,0;0;0;0,0;8;45,7;45,7;26,0;0;8200;14,3;55,4;8,0;60,0;0;55,1;8,0;8,0;0,00;0,00;0;0;47,1;139,0;6000;0;99;-2147483648;0;0;0;0;0;0;0;0;0;0;0;28,8;45,7;1;0;0;106;0;0;0;0,0;5882;0;0;0;
25.10.2025;16:54:56;13,5;12,6;0;28,8;8,0;16,1;8,0;0;0;0,0;8;45,6;45,6;26,0;0;8200;14,2;55,3;8,0;60,0;0;55,2;8,0;8,0;0,00;0,00;0;0;47,1;139,0;6000;0;99;-2147483648;0;0;0;0;0;0;0;0;0;0;0;28,8;45,6;1;0;0;106;0;0;0;0,0;5882;0;0;0;
25.10.2025;16:55:56;13,5;12,6;0;28,8;8,0;16,2;8,0;0;0;0,0;8;45,7;45,7;26,0;0;8200;14,2;55,3;8,0;60,0;0;55,2;8,0;8,0;0,00;0,00;0;0;47,2;139,0;6000;0;99;-2147483648;0;0;0;0;0;0;0;0;0;0;0;28,8;45,7;1;0;0;106;0;0;0;0,0;5882;0;0;0;
25.10.2025;16:56:56;13,4;12,6;0;28,8;8,0;16,2;8,0;0;0;0,0;8;45,6;45,6;26,0;0;8200;14,3;55,3;8,0;60,0;0;55,2;8,0;8,0;0,00;0,00;0;0;47,1;139,0;6000;0;99;-2147483648;0;0;0;0;0;0;0;0;0;0;0;28,8;45,6;1;0;0;106;0;0;0;0,0;5882;0;0;0;
25.10.2025;16:57:56;13,4;12,5;0;28,8;8,0;16,2;8,0;0;0;0,0;8;45,6;45,6;26,0;0;8200;14,2;55,3;8,0;60,0;0;55,2;8,0;8,0;0,00;0,00;0;0;47,0;139,0;6000;0;99;-2147483648;0;0;0;0;0;0;0;0;0;0;0;28,8;45,6;1;0;0;106;0;0;0;0,0;5882;0;0;0;
25.10.2025;16:58:56;13,4;12,5;0;28,8;8,0;16,2;8,0;0;0;0,0;8;45,6;45,6;26,0;0;8200;14,5;55,3;8,0;60,0;0;55,1;8,0;8,0;0,00;0,00;0;0;47,2;139,0;6000;0;99;-2147483648;0;0;0;0;0;0;0;0;0;0;0;28,8;45,6;1;0;0;106;0;0;0;0,0;5882;0;0;0;
25.10.2025;16:59:56;13,4;12,5;0;28,8;8,0;16,2;8,0;0;0;0,0;8;45,6;45,6;26,0;0;8200;14,3;55,2;8,0;60,0;0;55,1;8,0;8,0;0,00;0,00;0;0;47,2;139,0;6000;0;99;-2147483648;0;0;0;0;0;0;0;0;0;0;0;28,8;45,6;1;0;0;106;0;0;0;0,0;5882;0;0;0;
25.10.2025;17:00:56;13,4;12,5;0;28,7;8,0;16,3;8,0;0;0;0,0;8;45,6;45,6;26,0;0;8200;14,3;55,2;8,0;60,0;0;55,0;8,0;8,0;0,00;0,00;0;0;47,2;139,0;6000;0;99;-2147483648;0;0;0;0;0;0;0;0;0;0;0;28,7;45,6;1;0;0;106;0;0;0;0,0;5882;0;0;0;
25.10.2025;17:01:56;13,3;12,4;0;28,7;8,0;16,3;8,0;0;0;0,0;8;45,6;45,6;26,0;0;8200;14,2;55,2;8,0;60,0;0;55,1;8,0;8,0;0,00;0,00;0;0;47,1;139,0;6000;0;99;-2147483648;0;0;0;0;0;0;0;0;0;0;0;28,7;45,6;1;0;0;106;0;0;0;0,0;5882;0;0;0;
25.10.2025;17:02:56;13,3;12,4;0;28,7;8,0;16,3;8,0;0;0;0,0;8;45,6;45,6;26,0;0;8200;14,3;55,2;8,0;60,0;0;55,1;8,0;8,0;0,00;0,00;0;0;47,1;139,0;6000;0;99;-2147483648;0;0;0;0;0;0;0;0;0;0;0;28,7;45,6;1;0;0;106;0;0;0;0,0;5882;0;0;0;
25.10.2025;17:03:56;13,3;12,4;0;28,7;8,0;16,3;8,0;0;0;0,0;8;45,6;45,6;26,0;0;8200;14,3;55,2;8,0;60,0;0;55,0;8,0;8,0;0,00;0,00;0;0;47,2;139,0;6000;0;99;-2147483648;0;0;0;0;0;0;0;0;0;0;0;28,7;45,6;1;0;0;106;0;0;0;0,0;5882;0;0;0;
25.10.2025;17:04:56;13,3;12,5;0;28,7;8,0;16,2;8,0;0;0;0,0;8;45,6;45,6;26,0;0;8200;14,3;55,1;8,0;60,0;0;55,0;8,0;8,0;0,00;0,00;0;0;47,2;139,0;6000;0;99;-2147483648;0;0;0;0;0;0;0;0;0;0;0;28,7;45,6;1;0;0;106;0;0;0;0,0;5882;0;0;0;
25.10.2025;17:05:56;13,3;12,5;0;28,7;8,0;16,2;8,0;0;0;0,0;8;45,6;45,6;26,0;0;8200;14,3;55,1;8,0;60,0;0;54,9;8,0;8,0;0,00;0,00;0;0;47,1;139,0;6000;0;99;-2147483648;0;0;0;0;0;0;0;0;0;0;0;28,7;45,6;1;0;0;106;0;0;0;0,0;5882;0;0;0;
25.10.2025;17:06:56;13,2;12,4;0;28,6;8,0;16,2;8,0;0;0;0,0;8;45,5;45,5;26,0;0;8200;14,3;55,1;8,0;60,0;0;55,0;8,0;8,0;0,00;0,00;0;0;47,1;139,0;6000;0;99;-2147483648;0;0;0;0;0;0;0;0;0;0;0;28,6;45,5;1;0;0;106;0;0;0;0,0;5882;0;0;0;
25.10.2025;17:07:56;13,2;12,5;0;28,6;8,0;16,3;8,0;0;0;0,0;8;45,5;45,5;26,0;0;8200;14,2;55,1;8,0;60,0;0;54,9;8,0;8,0;0,00;0,00;0;0;47,1;139,0;6000;0;99;-2147483648;0;0;0;0;0;0;0;0;0;0;0;28,6;45,5;1;0;0;106;0;0;0;0,0;5882;0;0;0;
25.10.2025;17:08:56;13,2;12,5;0;28,6;8,0;16,2;8,0;0;0;0,0;8;45,5;45,5;26,0;0;8200;14,3;55,0;8,0;60,0;0;54,8;8,0;8,0;0,00;0,00;0;0;47,0;139,0;6000;0;99;-2147483648;0;0;0;0;0;0;0;0;0;0;0;28,6;45,5;1;0;0;106;0;0;0;0,0;5882;0;0;0;
25.10.2025;17:09:56;13,2;12,5;0;28,6;8,0;16,3;8,0;0;0;0,0;8;45,5;45,5;26,0;0;8200;14,3;55,0;8,0;60,0;0;54,9;8,0;8,0;0,00;0,00;0;0;47,2;139,0;6000;0;99;-2147483648;0;0;0;0;0;0;0;0;0;0;0;28,6;45,5;1;0;0;106;0;0;0;0,0;5882;0;0;0;
25.10.2025;17:10:56;13,2;12,5;0;28,6;8,0;16,3;8,0;0;0;0,0;8;45,5;45,5;26,0;0;8200;14,3;55,0;8,0;60,0;0;54,8;8,0;8,0;0,00;0,00;0;0;47,1;139,0;6000;0;99;-2147483648;0;0;0;0;0;0;0;0;0;0;0;28,6;45,5;1;0;0;106;0;0;0;0,0;5882;0;0;0;
25.10.2025;17:11:56;13,1;12,5;0;28,6;8,0;16,2;8,0;0;0;0,0;8;45,5;45,5;26,0;0;8200;14,2;54,9;8,0;60,0;0;54,8;8,0;8,0;0,00;0,00;0;0;47,2;139,0;6000;0;99;-2147483648;0;0;0;0;0;0;0;0;0;0;0;28,6;45,5;1;0;0;106;0;0;0;0,0;5882;0;0;0;
25.10.2025;17:12:56;13,1;12,5;0;28,6;8,0;16,2;8,0;0;0;0,0;8;45,5;45,5;26,0;0;8200;14,2;54,9;8,0;60,0;0;54,8;8,0;8,0;0,00;0,00;0;0;47,2;139,0;6000;0;99;-2147483648;0;0;0;0;0;0;0;0;0;0;0;28,6;45,5;1;0;0;106;0;0;0;0,0;5882;0;0;0;
25.10.2025;17:13:56;13,1;12,5;0;28,5;8,0;16,3;8,0;0;0;0,0;8;45,5;45,5;26,0;0;8200;14,4;54,9;8,0;60,0;0;54,8;8,0;8,0;0,00;0,00;0;0;47,2;139,0;6000;0;99;-2147483648;0;0;0;0;0;0;0;0;0;0;0;28,5;45,5;1;0;0;106;0;0;0;0,0;5882;0;0;0;
25.10.2025;17:14:56;13,1;12,5;0;28,6;8,0;16,3;8,0;0;0;0,0;8;45,5;45,5;26,0;0;8200;14,3;54,9;8,0;60,0;0;54,8;8,0;8,0;0,00;0,00;0;0;47,1;139,0;6000;0;99;-2147483648;0;0;0;0;0;0;0;0;0;0;0;28,6;45,5;1;0;0;106;0;0;0;0,0;5882;0;0;0;
25.10.2025;17:15:56;13,1;12,6;0;28,6;8,0;16,3;8,0;0;0;0,0;8;45,5;45,5;26,0;0;8200;14,3;54,8;8,0;60,0;0;54,7;8,0;8,0;0,00;0,00;0;0;47,1;139,0;6000;0;99;-2147483648;0;0;0;0;0;0;0;0;0;0;0;28,6;45,5;1;0;0;106;0;0;0;0,0;5882;0;0;0;
25.10.2025;17:16:56;13,0;12,6;0;28,6;8,0;16,3;8,0;0;0;0,0;8;45,5;45,5;26,0;0;8200;14,2;54,8;8,0;60,0;0;54,7;8,0;8,0;0,00;0,00;0;0;47,3;139,0;6000;0;99;-2147483648;0;0;0;0;0;0;0;0;0;0;0;28,6;45,5;1;0;0;106;0;0;0;0,0;5882;0;0;0;
25.10.2025;17:17:56;13,0;12,6;0;28,6;8,0;16,3;8,0;0;0;0,0;8;45,5;45,5;26,0;0;8200;14,2;54,8;8,0;60,0;0;54,7;8,0;8,0;0,00;0,00;0;0;47,1;139,0;6000;0;99;-2147483648;0;0;0;0;0;0;0;0;0;0;0;28,6;45,5;1;0;0;106;0;0;0;0,0;5882;0;0;0;
25.10.2025;17:18:56;13,0;12,6;0;28,6;8,0;16,2;8,0;0;0;0,0;8;45,5;45,5;26,0;0;8200;14,3;54,8;8,0;60,0;0;54,7;8,0;8,0;0,00;0,00;0;0;47,4;139,0;6000;0;99;-2147483648;0;0;0;0;0;0;0;0;0;0;0;28,6;45,5;1;0;0;106;0;0;0;0,0;5882;0;0;0;
25.10.2025;17:19:56;13,0;12,6;0;28,5;8,0;16,2;8,0;0;0;0,0;8;45,4;45,4;26,0;0;8200;14,3;54,8;8,0;60,0;0;54,6;8,0;8,0;0,00;0,00;0;0;47,5;139,0;6000;0;99;-2147483648;0;0;0;0;0;0;0;0;0;0;0;28,5;45,4;1;0;0;106;0;0;0;0,0;5882;0;0;0;
25.10.2025;17:20:56;13,0;12,6;0;28,5;8,0;16,2;8,0;0;0;0,0;8;45,5;45,5;26,0;0;8200;14,2;54,7;8,0;60,0;0;54,6;8,0;8,0;0,00;0,00;0;0;47,2;139,0;6000;0;99;-2147483648;0;0;0;0;0;0;0;0;0;0;0;28,5;45,5;1;0;0;106;0;0;0;0,0;5882;0;0;0;
25.10.2025;17:21:56;13,0;12,6;0;28,5;8,0;16,2;8,0;0;0;0,0;8;45,4;45,4;26,0;0;8200;14,3;54,7;8,0;60,0;0;54,5;8,0;8,0;0,00;0,00;0;0;47,4;139,0;6000;0;99;-2147483648;0;0;0;0;0;0;0;0;0;0;0;28,5;45,4;1;0;0;106;0;0;0;0,0;5882;0;0;0;
25.10.2025;17:22:56;12,9;12,6;0;28,5;8,0;16,2;8,0;0;0;0,0;8;45,4;45,4;26,0;0;8200;14,3;54,7;8,0;60,0;0;54,5;8,0;8,0;0,00;0,00;0;0;47,2;139,0;6000;0;99;-2147483648;0;0;0;0;0;0;0;0;0;0;0;28,5;45,4;1;0;0;106;0;0;0;0,0;5882;0;0;0;
25.10.2025;17:23:56;12,9;12,6;0;28,5;8,0;16,2;8,0;0;0;0,0;8;45,4;45,4;26,0;0;8200;14,3;54,6;8,0;60,0;0;54,5;8,0;8,0;0,00;0,00;0;0;47,1;139,0;6000;0;99;-2147483648;0;0;0;0;0;0;0;0;0;0;0;28,5;45,4;1;0;0;106;0;0;0;0,0;5882;0;0;0;
25.10.2025;17:24:56;12,9;12,6;0;28,5;8,0;16,2;8,0;0;0;0,0;8;45,4;45,4;26,0;0;8200;14,3;54,6;8,0;60,0;0;54,5;8,0;8,0;0,00;0,00;0;0;47,0;139,0;6000;0;99;-2147483648;0;0;0;0;0;0;0;0;0;0;0;28,5;45,4;1;0;0;106;0;0;0;0,0;5882;0;0;0;
25.10.2025;17:25:56;12,9;12,6;0;28,5;8,0;16,2;8,0;0;0;0,0;8;45,4;45,4;26,0;0;8200;14,2;54,6;8,0;60,0;0;54,5;8,0;8,0;0,00;0,00;0;0;47,4;139,0;6000;0;99;-2147483648;0;0;0;0;0;0;0;0;0;0;0;28,5;45,4;1;0;0;106;0;0;0;0,0;5882;0;0;0;
25.10.2025;17:26:56;12,9;12,6;0;28,5;8,0;16,2;8,0;0;0;0,0;8;45,4;45,4;26,0;0;8200;14,3;54,6;8,0;60,0;0;54,4;8,0;8,0;0,00;0,00;0;0;47,1;139,0;6000;0;99;-2147483648;0;0;0;0;0;0;0;0;0;0;0;28,5;45,4;1;0;0;106;0;0;0;0,0;5882;0;0;0;
25.10.2025;17:27:56;12,9;12,6;0;28,5;8,0;16,2;8,0;0;0;0,0;8;45,4;45,4;26,0;0;8200;14,3;54,6;8,0;60,0;0;54,4;8,0;8,0;0,00;0,00;0;0;47,1;139,0;6000;0;99;-2147483648;0;0;0;0;0;0;0;0;0;0;0;28,5;45,4;1;0;0;106;0;0;0;0,0;5882;0;0;0;
25.10.2025;17:28:56;12,8;12,6;0;28,5;8,0;16,2;8,0;0;0;0,0;8;45,4;45,4;26,0;0;8200;14,3;54,5;8,0;60,0;0;54,3;8,0;8,0;0,00;0,00;0;0;47,1;139,0;6000;0;99;-2147483648;0;0;0;0;0;0;0;0;0;0;0;28,5;45,4;1;0;0;106;0;0;0;0,0;5882;0;0;0;
25.10.2025;17:29:56;12,8;12,5;0;28,4;8,0;16,2;8,0;0;0;0,0;8;45,4;45,4;26,0;0;8200;14,3;54,5;8,0;60,0;0;54,3;8,0;8,0;0,00;0,00;0;0;47,1;139,0;6000;0;99;-2147483648;0;0;0;0;0;0;0;0;0;0;0;28,4;45,4;1;0;0;106;0;0;0;0,0;5882;0;0;0;
25.10.2025;17:30:56;12,8;12,6;0;28,4;8,0;16,2;8,0;0;0;0,0;8;45,4;45,4;26,0;0;8200;14,4;54,5;8,0;60,0;0;54,3;8,0;8,0;0,00;0,00;0;0;47,3;139,0;6000;0;99;-2147483648;0;0;0;0;0;0;0;0;0;0;0;28,4;45,4;1;0;0;106;0;0;0;0,0;5882;0;0;0;
25.10.2025;17:31:56;12,8;12,5;0;28,4;8,0;16,2;8,0;0;0;0,0;8;45,4;45,4;26,0;0;8200;14,2;54,5;8,0;60,0;0;54,3;8,0;8,0;0,00;0,00;0;0;47,2;139,0;6000;0;99;-2147483648;0;0;0;0;0;0;0;0;0;0;0;28,4;45,4;1;0;0;106;0;0;0;0,0;5882;0;0;0;
25.10.2025;17:32:56;12,8;12,5;0;28,4;8,0;16,2;8,0;0;0;0,0;8;45,4;45,4;26,0;0;8200;14,2;54,4;8,0;60,0;0;54,3;8,0;8,0;0,00;0,00;0;0;47,4;139,0;6000;0;99;-2147483648;0;0;0;0;0;0;0;0;0;0;0;28,4;45,4;1;0;0;106;0;0;0;0,0;5882;0;0;0;
25.10.2025;17:33:56;12,7;12,5;0;28,4;8,0;16,2;8,0;0;0;0,0;8;45,4;45,4;26,0;0;8200;14,3;54,4;8,0;60,0;0;54,3;8,0;8,0;0,00;0,00;0;0;47,2;139,0;6000;0;99;-2147483648;0;0;0;0;0;0;0;0;0;0;0;28,4;45,4;1;0;0;106;0;0;0;0,0;5882;0;0;0;
25.10.2025;17:34:56;12,7;12,5;0;28,4;8,0;16,2;8,0;0;0;0,0;8;45,4;45,4;26,0;0;8200;14,6;54,4;8,0;60,0;0;54,2;8,0;8,0;0,00;0,00;0;0;47,1;139,0;6000;0;99;-2147483648;0;0;0;0;0;0;0;0;0;0;0;28,4;45,4;1;0;0;106;0;0;0;0,0;5882;0;0;0;
25.10.2025;17:35:56;12,7;12,5;0;28,4;8,0;16,3;8,0;0;0;0,0;8;45,3;45,3;26,0;0;8200;14,3;54,4;8,0;60,0;0;54,2;8,0;8,0;0,00;0,00;0;0;47,1;139,0;6000;0;99;-2147483648;0;0;0;0;0;0;0;0;0;0;0;28,4;45,3;1;0;0;106;0;0;0;0,0;5882;0;0;0;
25.10.2025;17:36:56;12,7;12,4;0;28,4;8,0;16,3;8,0;0;0;0,0;8;45,3;45,3;26,0;0;8200;14,5;54,4;8,0;60,0;0;54,2;8,0;8,0;0,00;0,00;0;0;47,3;139,0;6000;0;99;-2147483648;0;0;0;0;0;0;0;0;0;0;0;28,4;45,3;1;0;0;106;0;0;0;0,0;5882;0;0;0;
25.10.2025;17:37:56;12,7;12,5;0;28,4;8,0;16,3;8,0;0;0;0,0;8;45,4;45,4;26,0;0;8200;14,3;54,4;8,0;60,0;0;54,2;8,0;8,0;0,00;0,00;0;0;47,3;139,0;6000;0;99;-2147483648;0;0;0;0;0;0;0;0;0;0;0;28,4;45,4;1;0;0;106;0;0;0;0,0;5882;0;0;0;
25.10.2025;17:38:56;12,7;12,4;0;28,4;8,0;16,4;8,0;0;0;0,0;8;45,3;45,3;26,0;0;8200;14,3;54,3;8,0;60,0;0;54,2;8,0;8,0;0,00;0,00;0;0;47,2;139,0;6000;0;99;-2147483648;0;0;0;0;0;0;0;0;0;0;0;28,4;45,3;1;0;0;106;0;0;0;0,0;5882;0;0;0;
25.10.2025;17:39:56;12,6;12,4;0;28,4;8,0;16,4;8,0;0;0;0,0;8;45,3;45,3;26,0;0;8200;14,3;54,3;8,0;60,0;0;54,1;8,0;8,0;0,00;0,00;0;0;47,3;139,0;6000;0;99;-2147483648;0;0;0;0;0;0;0;0;0;0;0;28,4;45,3;1;0;0;106;0;0;0;0,0;5882;0;0;0;
25.10.2025;17:40:56;12,6;12,4;0;28,4;8,0;16,3;8,0;0;0;0,0;8;45,3;45,3;26,0;0;8200;14,5;54,2;8,0;60,0;0;54,0;8,0;8,0;0,00;0,00;0;0;47,1;139,0;6000;0;99;-2147483648;0;0;0;0;0;0;0;0;0;0;0;28,4;45,3;1;0;0;106;0;0;0;0,0;5882;0;0;0;
25.10.2025;17:41:56;12,6;12,4;0;28,4;8,0;16,3;8,0;0;0;0,0;8;45,3;45,3;26,0;0;8200;14,3;54,2;8,0;60,0;0;54,0;8,0;8,0;0,00;0,00;0;0;47,2;139,0;6000;0;99;-2147483648;0;0;0;0;0;0;0;0;0;0;0;28,4;45,3;1;0;0;106;0;0;0;0,0;5882;0;0;0;
25.10.2025;17:42:56;12,6;12,4;0;28,4;8,0;16,3;8,0;0;0;0,0;8;45,3;45,3;26,0;0;8200;14,1;54,2;8,0;60,0;0;54,0;8,0;8,0;0,00;0,00;0;0;47,2;139,0;6000;0;99;-2147483648;0;0;0;0;0;0;0;0;0;0;0;28,4;45,3;1;0;0;106;0;0;0;0,0;5882;0;0;0;
25.10.2025;17:43:56;12,6;12,4;0;28,4;8,0;16,3;8,0;0;0;0,0;8;45,3;45,3;26,0;0;8200;14,6;54,2;8,0;60,0;0;54,0;8,0;8,0;0,00;0,00;0;0;47,2;139,0;6000;0;99;-2147483648;0;0;0;0;0;0;0;0;0;0;0;28,4;45,3;1;0;0;106;0;0;0;0,0;5882;0;0;0;
25.10.2025;17:44:56;12,5;12,3;0;28,3;8,0;16,3;8,0;0;0;0,0;8;45,3;45,3;26,0;0;8200;14,6;54,2;8,0;60,0;0;53,9;8,0;8,0;0,00;0,00;0;0;47,2;139,0;6000;0;99;-2147483648;0;0;0;0;0;0;0;0;0;0;0;28,3;45,3;1;0;0;106;0;0;0;0,0;5882;0;0;0;
25.10.2025;17:45:56;12,5;12,4;0;28,3;8,0;16,3;8,0;0;0;0,0;8;45,3;45,3;26,0;0;8200;14,3;54,1;8,0;60,0;0;53,8;8,0;8,0;0,00;0,00;0;0;47,3;139,0;6000;0;99;-2147483648;0;0;0;0;0;0;0;0;0;0;0;28,3;45,3;1;0;0;106;0;0;0;0,0;5882;0;0;0;
25.10.2025;17:46:56;12,5;12,3;0;28,3;8,0;16,2;8,0;0;0;0,0;8;45,3;45,3;26,0;0;8200;14,4;54,1;8,0;60,0;0;53,8;8,0;8,0;0,00;0,00;0;0;47,4;139,0;6000;0;99;-2147483648;0;0;0;0;0;0;0;0;0;0;0;28,3;45,3;1;0;0;106;0;0;0;0,0;5882;0;0;0;
25.10.2025;17:47:56;12,5;12,4;0;28,3;8,0;16,2;8,0;0;0;0,0;8;45,2;45,2;26,0;0;8200;14,3;54,1;8,0;60,0;0;53,7;8,0;8,0;0,00;0,00;0;0;47,1;139,0;6000;0;99;-2147483648;0;0;0;0;0;0;0;0;0;0;0;28,3;45,2;1;0;0;106;0;0;0;0,0;5882;0;0;0;
25.10.2025;17:48:56;12,5;12,3;0;28,3;8,0;16,2;8,0;0;0;0,0;8;45,2;45,2;26,0;0;8200;14,5;54,1;8,0;60,0;0;53,7;8,0;8,0;0,00;0,00;0;0;47,1;139,0;6000;0;99;-2147483648;0;0;0;0;0;0;0;0;0;0;0;28,3;45,2;1;0;0;106;0;0;0;0,0;5882;0;0;0;
25.10.2025;17:49:56;12,5;12,3;0;28,3;8,0;16,2;8,0;0;0;0,0;8;45,2;45,2;26,0;0;8200;14,3;54,1;8,0;60,0;0;53,7;8,0;8,0;0,00;0,00;0;0;47,2;139,0;6000;0;99;-2147483648;0;0;0;0;0;0;0;0;0;0;0;28,3;45,2;1;0;0;106;0;0;0;0,0;5882;0;0;0;
25.10.2025;17:50:56;12,4;12,3;0;28,3;8,0;16,3;8,0;0;0;0,0;8;45,2;45,2;26,0;0;8200;14,6;54,1;8,0;60,0;0;53,7;8,0;8,0;0,00;0,00;0;0;47,2;139,0;6000;0;99;-2147483648;0;0;0;0;0;0;0;0;0;0;0;28,3;45,2;1;0;0;106;0;0;0;0,0;5882;0;0;0;
25.10.2025;17:51:56;12,4;12,3;0;28,3;8,0;16,3;8,0;0;0;0,0;8;45,2;45,2;26,0;0;8200;14,4;54,0;8,0;60,0;0;53,7;8,0;8,0;0,00;0,00;0;0;47,2;139,0;6000;0;99;-2147483648;0;0;0;0;0;0;0;0;0;0;0;28,3;45,2;1;0;0;106;0;0;0;0,0;5882;0;0;0;
25.10.2025;17:52:56;12,4;12,3;0;28,3;8,0;16,3;8,0;0;0;0,0;8;45,2;45,2;26,0;0;8200;14,3;54,0;8,0;60,0;0;53,7;8,0;8,0;0,00;0,00;0;0;47,2;139,0;6000;0;99;-2147483648;0;0;0;0;0;0;0;0;0;0;0;28,3;45,2;1;0;0;106;0;0;0;0,0;5882;0;0;0;
25.10.2025;17:53:56;12,4;12,3;0;28,3;8,0;16,3;8,0;0;0;0,0;8;45,2;45,2;26,0;0;8200;14,4;54,0;8,0;60,0;0;53,6;8,0;8,0;0,00;0,00;0;0;47,2;139,0;6000;0;99;-2147483648;0;0;0;0;0;0;0;0;0;0;0;28,3;45,2;1;0;0;106;0;0;0;0,0;5882;0;0;0;
25.10.2025;17:54:56;12,4;12,4;0;28,3;8,0;16,3;8,0;0;0;0,0;8;45,2;45,2;26,0;0;8200;14,4;54,0;8,0;60,0;0;53,5;8,0;8,0;0,00;0,00;0;0;47,1;139,0;6000;0;99;-2147483648;0;0;0;0;0;0;0;0;0;0;0;28,3;45,2;1;0;0;106;0;0;0;0,0;5882;0;0;0;
25.10.2025;17:55:56;12,4;12,3;0;28,3;8,0;16,3;8,0;0;0;0,0;8;45,2;45,2;26,0;0;8200;14,4;53,9;8,0;60,0;0;53,6;8,0;8,0;0,00;0,00;0;0;47,2;139,0;6000;0;99;-2147483648;0;0;0;0;0;0;0;0;0;0;0;28,3;45,2;1;0;0;106;0;0;0;0,0;5882;0;0;0;
25.10.2025;17:56:56;12,4;12,4;0;28,3;8,0;16,3;8,0;0;0;0,0;8;45,2;45,2;26,0;0;8200;14,6;53,9;8,0;60,0;0;53,6;8,0;8,0;0,00;0,00;0;0;47,2;139,0;6000;0;99;-2147483648;0;0;0;0;0;0;0;0;0;0;0;28,3;45,2;1;0;0;106;0;0;0;0,0;5882;0;0;0;
25.10.2025;17:57:56;12,4;12,4;0;28,3;8,0;16,3;8,0;0;0;0,0;8;45,2;45,2;26,0;0;8200;14,3;53,9;8,0;60,0;0;53,4;8,0;8,0;0,00;0,00;0;0;47,2;139,0;6000;0;99;-2147483648;0;0;0;0;0;0;0;0;0;0;0;28,3;45,2;1;0;0;106;0;0;0;0,0;5882;0;0;0;
25.10.2025;17:58:56;12,4;12,4;0;28,2;8,0;16,3;8,0;0;0;0,0;8;45,2;45,2;26,0;0;8200;14,3;53,8;8,0;60,0;0;53,4;8,0;8,0;0,00;0,00;0;0;47,2;139,0;6000;0;99;-2147483648;0;0;0;0;0;0;0;0;0;0;0;28,2;45,2;1;0;0;106;0;0;0;0,0;5882;0;0;0;
25.10.2025;17:59:56;12,4;12,3;0;28,3;8,0;16,3;8,0;0;0;0,0;8;45,2;45,2;26,0;0;8200;14,5;53,8;8,0;60,0;0;53,4;8,0;8,0;0,00;0,00;0;0;47,2;139,0;6000;0;99;-2147483648;0;0;0;0;0;0;0;0;0;0;0;28,3;45,2;1;0;0;106;0;0;0;0,0;5882;0;0;0;
25.10.2025;18:00:56;12,4;12,3;0;28,2;8,0;16,3;8,0;0;0;0,0;8;45,1;45,1;26,0;0;8200;14,3;53,8;8,0;60,0;0;53,4;8,0;8,0;0,00;0,00;0;0;47,2;139,0;6000;0;99;-2147483648;0;0;0;0;0;0;0;0;0;0;0;28,2;45,1;1;0;0;106;0;0;0;0,0;5882;0;0;0;
25.10.2025;18:01:56;12,4;12,3;0;28,2;8,0;16,3;8,0;0;0;0,0;8;45,1;45,1;55,0;0;16656;14,3;53,8;70,0;60,0;0;53,2;120,0;120,0;70,00;30,00;60;41;139,4;125,0;6000;0;2;4;1;0;0;0;1;0;0;0;0;0;0;28,2;45,1;1;0;0;106;0;0;0;0,0;5882;0;0;0;
25.10.2025;18:02:56;12,4;12,3;0;28,2;8,0;16,3;8,0;0;0;0,0;8;45,1;45,1;55,0;0;16656;14,4;53,7;70,0;60,0;0;51,7;120,0;120,0;70,00;30,00;60;36;125,3;125,0;6000;0;2;4;1;0;0;0;1;0;0;0;0;0;0;28,2;45,1;1;0;0;105;0;0;0;0,0;5883;0;0;0;
25.10.2025;18:03:56;12,4;12,3;0;28,2;8,0;16,3;8,0;0;0;0,0;8;45,1;45,1;55,0;0;16656;14,3;53,7;70,0;60,0;0;50,9;120,0;120,0;0,00;0,00;60;36;125,4;125,0;6000;0;2;4;0;0;0;0;1;0;0;0;0;0;0;28,2;45,1;1;0;0;105;0;0;0;0,0;5883;0;0;0;
25.10.2025;18:04:56;12,4;12,3;0;28,2;8,0;16,3;8,0;0;0;0,0;8;45,1;45,1;55,0;0;16656;14,4;53,6;70,0;60,0;0;50,4;120,0;120,0;0,00;0,00;60;36;125,3;125,0;6000;0;2;4;0;0;0;0;1;0;0;0;0;0;0;28,2;45,1;1;0;0;105;0;0;0;0,0;5883;0;0;0;
25.10.2025;18:05:56;12,4;12,3;0;28,1;8,0;16,3;8,0;0;0;0,0;8;45,1;45,1;55,0;0;16656;14,3;53,6;70,0;60,0;0;50,3;120,0;120,0;0,00;0,00;60;36;126,2;125,0;6000;0;2;4;0;0;0;0;1;0;0;0;0;0;0;28,1;45,1;1;0;0;105;0;0;0;0,0;5883;0;0;0;
25.10.2025;18:06:56;12,4;12,3;0;28,2;8,0;16,3;8,0;0;0;0,0;8;45,1;45,1;55,0;0;16656;14,4;53,6;70,0;60,0;0;50,5;120,0;120,0;0,00;0,00;60;36;125,1;125,0;6000;0;2;4;0;0;0;0;1;0;0;0;0;0;0;28,2;45,1;1;0;0;105;0;0;0;0,0;5883;0;0;0;
25.10.2025;18:07:56;12,4;12,2;0;28,1;8,0;16,3;8,0;0;0;0,0;8;45,0;45,0;55,0;0;16656;14,3;53,6;70,0;60,0;0;50,6;120,0;120,0;0,00;0,00;60;37;125,1;125,0;6000;0;2;4;0;0;0;0;1;0;0;0;0;0;0;28,1;45,0;1;0;0;105;0;0;0;0,0;5883;0;0;0;
25.10.2025;18:08:56;12,4;12,3;0;28,2;8,0;16,3;8,0;0;0;0,0;8;45,1;45,1;55,0;0;16656;14,3;53,5;70,0;60,0;0;51,0;120,0;120,0;0,00;0,00;60;37;125,2;125,0;6000;0;2;4;0;0;0;0;1;0;0;0;0;0;0;28,2;45,1;1;0;0;105;0;0;0;0,0;5883;0;0;0;
25.10.2025;18:09:56;12,4;12,2;0;28,1;8,0;16,3;8,0;0;0;0,0;8;45,1;45,1;55,0;0;16656;14,4;53,5;70,0;60,0;0;67,3;120,0;120,0;0,00;0,00;60;37;125,5;125,0;6000;0;2;4;0;0;0;0;1;0;0;0;0;0;0;28,2;45,1;1;0;0;105;0;0;0;0,0;5883;0;0;0;
25.10.2025;18:10:56;12,4;12,2;0;28,2;8,0;16,3;8,0;0;0;0,0;8;45,0;45,0;55,0;0;16656;14,4;53,5;70,0;60,0;0;114,3;120,0;120,0;0,00;0,00;60;37;125,1;125,0;6000;0;2;4;0;0;0;0;1;0;0;0;0;0;0;28,2;45,0;1;0;0;105;0;0;0;0,0;5883;0;0;0;
25.10.2025;18:11:56;12,4;12,2;0;28,2;8,0;16,3;8,0;0;0;0,0;8;45,1;45,1;55,0;0;16656;14,3;54,2;70,0;60,0;0;173,6;120,0;120,0;0,00;0,00;65;38;125,5;125,0;6000;0;3;8;0;0;0;0;0;0;0;0;0;0;0;28,2;45,1;1;0;0;105;0;0;0;0,0;5883;0;0;0;
25.10.2025;18:12:56;12,4;12,2;0;28,3;8,0;16,3;8,0;0;0;0,0;8;45,1;45,1;55,0;0;16656;14,4;55,3;70,0;60,0;0;270,5;120,0;120,0;0,00;0,00;65;38;125,2;125,0;6000;0;3;8;0;0;0;0;0;0;0;0;0;0;0;28,3;45,1;1;0;0;105;0;0;0;0,0;5883;0;0;0;
25.10.2025;18:13:56;12,4;12,3;0;28,4;8,0;16,3;8,0;0;0;0,0;8;45,0;45,0;55,0;0;16656;14,3;56,8;70,0;60,0;0;396,6;120,0;120,0;0,00;0,00;65;38;125,9;125,0;6000;0;3;8;0;0;0;0;0;0;0;0;0;0;0;28,4;45,0;1;0;0;105;0;0;0;0,0;5883;0;0;0;
25.10.2025;18:14:56;12,4;12,2;0;28,4;8,0;16,3;8,0;0;0;0,0;8;45,0;45,0;55,0;0;16656;14,5;59,1;70,0;60,0;0;415,6;120,0;120,0;0,00;0,00;65;38;125,1;125,0;6000;0;3;8;0;0;0;0;0;0;0;0;0;0;0;28,4;45,0;1;0;0;105;0;0;0;0,0;5883;0;0;0;
25.10.2025;18:15:56;12,3;12,2;0;29,6;8,0;16,4;8,0;0;0;0,0;8;45,0;45,0;55,0;1;16400;14,5;61,6;70,0;60,0;86;372,8;382,8;710,0;4,91;80,00;46;43;121,1;125,3;6000;0;4;16;0;0;0;0;0;0;0;0;0;0;0;29,6;45,0;1;0;0;105;0;0;0;0,0;5883;0;0;0;
25.10.2025;18:16:56;12,3;12,2;0;30,2;8,0;16,4;8,0;0;0;0,0;8;45,2;45,2;55,0;1;16400;14,3;59,3;70,0;60,0;94;326,5;407,7;730,0;8,87;80,00;56;42;128,9;129,6;6000;0;4;16;0;0;0;0;0;0;0;0;0;0;0;30,2;45,2;1;0;0;105;0;0;0;0,0;5883;0;0;0;
25.10.2025;18:17:56;12,3;12,2;0;29,3;8,0;16,4;8,0;0;0;0,0;8;45,5;45,5;55,0;0;16656;14,5;56,8;70,0;60,0;100;321,0;432,3;740,0;11,32;80,00;57;45;133,9;134,4;6000;0;4;16;0;0;0;0;0;0;0;0;0;0;0;29,3;45,5;1;0;0;105;0;0;0;0,0;5883;0;0;0;
25.10.2025;18:18:56;12,3;12,2;0;28,8;8,0;16,4;8,0;0;0;0,0;8;45,7;45,7;55,0;0;16656;14,3;56,1;70,0;60,0;100;335,6;455,2;740,0;12,00;80,00;57;46;136,2;136,9;6000;0;4;16;0;0;0;0;0;0;0;0;0;0;0;28,8;45,7;1;0;0;105;0;0;0;0,0;5883;0;0;0;
25.10.2025;18:19:56;12,3;12,2;0;28,7;8,0;16,4;8,0;0;0;0,0;8;45,8;45,8;55,0;0;16656;14,3;57,0;70,0;60,0;100;361,4;476,1;740,0;11,99;80,00;57;48;137,9;138,0;6000;0;4;16;0;0;0;0;0;0;1;0;0;0;0;28,7;45,8;1;0;0;104;0;0;0;0,0;5883;0;0;0;
25.10.2025;18:20:56;12,3;12,2;0;28,8;8,0;16,3;8,0;0;0;0,0;8;45,8;45,8;55,0;0;16656;14,4;58,8;70,0;60,0;94;398,6;495,2;730,0;11,99;80,00;56;47;137,1;137,7;6000;0;4;16;1;0;0;0;0;0;1;0;0;0;0;28,8;45,8;1;1;0;104;0;0;0;0,0;5883;0;0;0;
25.10.2025;18:21:56;12,3;12,2;0;29,8;8,0;16,4;8,0;0;0;0,0;8;45,8;45,8;55,0;1;16400;14,3;61,1;70,0;60,0;86;425,2;511,8;710,0;10,99;80,00;53;47;135,6;135,1;6000;0;4;16;0;0;0;0;0;0;1;0;0;0;0;29,8;45,8;1;1;0;104;0;0;0;0,0;5883;0;0;0;
25.10.2025;18:22:56;12,3;12,2;0;30,8;8,0;16,4;8,0;0;0;0,0;8;46,0;46,0;55,0;1;16400;14,4;60,9;70,0;60,0;90;439,9;526,5;720,0;11,00;80,00;54;45;133,5;133,0;6000;0;4;16;0;0;0;0;0;0;1;0;0;0;0;30,8;46,0;1;1;0;104;0;0;0;0,0;5883;0;0;0;
25.10.2025;18:23:56;12,3;12,2;0;31,0;8,0;16,4;8,0;0;0;0,0;8;46,4;46,4;55,0;1;16400;14,4;59,3;70,0;60,0;100;452,7;541,8;740,0;12,00;80,00;57;46;134,7;135,3;6000;0;4;16;0;0;0;0;0;0;1;0;0;0;0;31,0;46,4;1;1;0;104;0;0;0;0,0;5883;0;0;0;
25.10.2025;18:24:56;12,3;12,2;0;31,0;8,0;16,5;8,0;0;0;0,0;8;46,8;46,8;55,0;1;16400;14,5;58,8;70,0;60,0;100;460,8;556,4;740,0;12,00;80,00;57;48;136,8;137,2;6000;0;4;16;0;0;0;0;0;0;0;0;0;0;0;31,0;46,8;1;1;0;104;0;0;0;0,0;5883;0;0;0;
25.10.2025;18:25:56;12,3;12,3;0;31,2;8,0;16,5;8,0;0;0;0,0;8;47,2;47,2;55,0;1;16400;14,5;58,9;70,0;60,0;100;473,9;569,9;740,0;12,00;80,00;57;48;138,3;138,2;6000;0;4;16;0;0;0;0;0;0;0;0;0;0;0;31,2;47,2;1;1;0;104;0;0;0;0,0;5883;0;0;0;
25.10.2025;18:26:56;12,3;12,2;0;31,1;8,0;16,4;8,0;0;0;0,0;8;47,5;47,5;55,0;1;16400;14,3;59,4;70,0;60,0;100;489,5;582,3;740,0;12,00;80,00;57;49;138,5;138,2;6000;0;4;16;0;0;0;0;0;0;0;0;0;0;0;31,1;47,5;1;1;0;104;0;0;0;0,0;5883;0;0;0;
25.10.2025;18:27:56;12,3;12,2;0;31,2;8,0;16,4;8,0;0;0;0,0;8;47,9;47,9;55,0;1;16400;14,4;59,8;70,0;60,0;100;481,4;593,9;740,0;12,00;80,00;57;49;138,1;138,6;6000;0;4;16;0;0;0;0;0;0;0;0;0;0;0;31,2;47,9;1;1;0;103;0;0;0;0,0;5883;0;0;0;
25.10.2025;18:28:56;12,3;12,3;0;31,4;8,0;16,4;8,0;0;0;0,0;8;48,4;48,4;55,0;1;16400;14,3;60,3;70,0;60,0;94;481,9;604,2;730,0;12,00;80,00;56;48;137,9;137,4;6000;0;4;16;0;0;0;0;0;0;0;0;0;0;0;31,4;48,4;1;1;0;103;0;0;0;0,0;5883;0;0;0;
25.10.2025;18:29:56;12,3;12,3;0;31,4;8,0;16,4;8,0;0;0;0,0;8;48,8;48,8;55,0;1;16400;14,5;60,8;70,0;60,0;100;478,1;614,0;740,0;11,99;80,00;57;48;138,1;137,8;6000;0;4;16;1;0;0;0;0;0;0;0;0;0;0;31,4;48,8;1;1;0;103;0;0;0;0,0;5883;0;0;0;
25.10.2025;18:30:56;12,3;12,2;0;31,4;8,0;16,4;8,0;0;0;0,0;8;49,2;49,2;55,0;1;16400;14,5;61,3;70,0;60,0;100;486,3;622,8;740,0;12,00;80,00;57;48;138,0;137,5;6000;0;4;16;0;0;0;0;0;0;0;0;0;0;0;31,4;49,2;1;1;0;103;0;0;0;0,0;5883;0;0;0;
25.10.2025;18:31:56;12,3;12,3;0;31,5;8,0;16,4;8,0;0;0;0,0;8;49,6;49,6;55,0;1;16400;14,5;61,9;70,0;60,0;100;489,1;631,6;740,0;12,00;80,00;57;48;139,4;138,3;6000;0;4;16;1;0;0;0;0;0;0;0;0;0;0;31,5;49,6;1;1;0;103;0;0;0;0,0;5883;0;0;0;
25.10.2025;18:32:56;12,3;12,2;0;31,6;8,0;16,4;8,0;0;0;0,0;8;50,1;50,1;55,0;1;16400;14,3;62,4;70,0;60,0;94;492,6;638,9;730,0;12,00;80,00;56;47;138,0;137,2;6000;0;4;16;0;0;0;0;0;0;0;0;0;0;0;31,6;50,1;1;1;0;103;0;0;0;0,0;5883;0;0;0;
25.10.2025;18:33:56;12,2;12,2;0;31,7;8,0;16,4;8,0;0;0;0,0;8;50,5;50,5;55,0;1;16400;14,5;62,9;70,0;60,0;100;496,4;645,9;740,0;12,00;80,00;57;48;135,0;136,9;6000;0;4;16;0;0;0;0;0;0;0;0;0;0;0;31,7;50,5;1;1;0;103;0;0;0;0,0;5883;0;0;0;
25.10.2025;18:34:56;12,2;12,2;0;31,7;8,0;16,4;8,0;0;0;0,0;8;50,9;50,9;55,0;1;16400;14,4;63,5;70,0;60,0;94;482,4;652,0;730,0;12,00;80,00;56;48;136,8;136,4;6000;0;4;16;0;0;0;0;0;0;0;0;0;0;0;31,7;50,9;1;1;0;103;0;0;0;0,0;5883;0;0;0;
25.10.2025;18:35:56;12,2;12,2;0;31,8;8,0;16,4;8,0;0;0;0,0;8;51,4;51,4;55,0;1;16400;14,5;63,9;70,0;60,0;94;464,0;657,8;730,0;12,00;80,00;56;48;136,6;136,2;6000;0;4;16;1;0;0;0;0;0;0;0;0;0;0;31,8;51,4;1;1;0;102;0;0;0;0,0;5883;0;0;0;
25.10.2025;18:36:56;12,2;12,2;0;31,9;8,0;16,4;8,0;0;0;0,0;8;51,8;51,8;55,0;1;16400;14,4;64,3;70,0;60,0;90;477,5;662,5;720,0;11,00;80,00;54;48;135,3;135,1;6000;0;4;16;0;0;0;0;0;0;0;0;0;0;0;31,9;51,8;1;1;0;102;0;0;0;0,0;5883;0;0;0;
25.10.2025;18:37:56;12,2;12,2;0;31,9;8,0;16,4;8,0;0;0;0,0;8;52,2;52,2;55,0;1;16400;14,4;64,8;70,0;60,0;90;472,3;666,7;720,0;11,00;80,00;54;48;133,6;134,5;6000;0;4;16;0;0;0;0;0;0;0;0;0;0;0;31,9;52,2;1;1;0;102;0;0;0;0,0;5883;0;0;0;
25.10.2025;18:38:56;12,2;12,2;0;31,9;8,0;16,4;8,0;0;0;0,0;8;52,6;52,6;55,0;1;16400;14,5;65,2;70,0;60,0;86;466,7;670,2;710,0;11,00;80,00;53;46;134,2;133,0;6000;0;4;16;0;0;0;0;0;0;0;0;0;0;0;31,9;52,6;1;1;0;102;0;0;0;0,0;5883;0;0;0;
25.10.2025;18:39:56;12,2;12,2;0;32,0;8,0;16,4;8,0;0;0;0,0;8;53,1;53,1;55,0;1;16400;14,4;65,7;70,0;60,0;86;481,5;673,1;710,0;11,00;80,00;53;46;132,5;132,0;6000;0;4;16;0;0;0;0;0;0;0;0;0;0;0;32,0;53,1;1;1;0;102;0;0;0;0,0;5883;0;0;0;
25.10.2025;18:40:56;12,2;12,2;0;32,1;8,0;16,4;8,0;0;0;0,0;8;53,5;53,5;55,0;1;16400;14,5;66,2;70,0;60,0;82;485,1;675,4;700,0;11,00;80,00;52;48;131,7;130,8;6000;0;4;268435472;1;0;0;0;0;0;0;0;0;0;0;32,1;53,5;1;1;0;102;0;0;0;0,0;5883;0;0;0;
25.10.2025;18:41:56;12,2;12,2;0;32,2;8,0;16,4;8,0;0;0;0,0;8;54,0;54,0;55,0;1;16400;14,4;66,7;70,0;60,0;82;490,8;677,3;700,0;11,00;80,00;52;48;130,2;129,8;6000;0;4;268435472;0;0;0;0;0;0;0;0;0;0;0;32,2;54,0;1;1;0;102;0;0;0;0,0;5883;0;0;0;
25.10.2025;18:42:56;12,2;12,2;0;32,2;8,0;16,4;8,0;0;0;0,0;8;54,4;54,4;55,0;1;16400;14,3;67,3;70,0;60,0;78;491,5;678,4;690,0;11,00;80,00;51;47;128,6;128,1;6000;0;4;268435472;0;0;0;0;0;0;0;0;0;0;0;32,2;54,4;1;1;0;102;0;0;0;0,0;5883;0;0;0;
25.10.2025;18:43:56;12,2;12,2;0;32,3;8,0;16,4;8,0;0;0;0,0;8;54,8;54,8;55,0;1;16400;14,5;67,8;70,0;60,0;78;492,5;679,3;690,0;11,00;80,00;51;48;127,4;127,0;6000;0;4;268435472;0;0;0;0;0;0;0;0;0;0;0;32,3;54,8;1;1;0;101;0;0;0;0,0;5883;0;0;0;
25.10.2025;18:44:56;12,2;12,2;0;32,3;8,0;16,4;8,0;0;0;0,0;8;55,3;55,3;50,0;1;8336;14,3;68,3;8,0;60,0;0;484,3;8,0;8,0;0,00;0,00;52;46;125,0;126,9;6000;0;5;268435488;0;0;0;0;0;0;0;0;0;0;0;32,3;55,3;1;1;0;101;0;0;0;0,0;5883;0;0;0;
25.10.2025;18:45:56;12,2;12,2;0;32,4;8,0;16,4;8,0;0;0;0,0;8;55,8;55,8;50,0;1;8336;14,4;68,6;8,0;60,0;0;430,2;8,0;8,0;0,00;0,00;48;46;126,2;126,9;6000;0;5;268435488;0;0;0;0;0;0;0;0;0;0;0;32,4;55,8;1;1;0;101;0;0;0;0,0;5883;0;0;0;
25.10.2025;18:46:56;12,2;12,1;0;32,3;8,0;16,4;8,0;0;0;0,0;8;56,2;56,2;50,0;1;8336;14,5;68,5;8,0;60,0;0;378,8;8,0;8,0;0,00;0,00;45;46;126,6;126,9;6000;0;5;268435488;0;0;0;0;0;0;0;0;0;0;0;32,3;56,2;1;1;0;101;0;0;0;0,0;5883;0;0;0;
25.10.2025;18:47:56;12,2;12,1;0;32,3;8,0;16,4;8,0;0;0;0,0;8;56,6;56,6;50,0;1;8336;14,5;68,4;8,0;60,0;0;339,2;8,0;8,0;0,00;0,00;41;47;126,5;126,9;6000;0;5;268435488;0;0;0;0;0;0;0;0;0;0;0;32,3;56,6;1;1;0;101;0;0;0;0,0;5883;0;0;0;
25.10.2025;18:48:56;12,2;12,1;0;32,2;8,0;16,4;8,0;0;0;0,0;8;57,1;57,1;50,0;1;8336;14,4;68,3;8,0;60,0;0;308,6;8,0;8,0;0,00;0,00;37;47;126,1;126,9;6000;0;5;268435488;0;0;0;0;0;0;0;0;0;0;0;32,2;57,1;1;1;0;101;0;0;0;0,0;5883;0;0;0;
25.10.2025;18:49:56;12,2;12,2;0;32,2;8,0;16,4;8,0;0;0;0,0;8;57,5;57,5;50,0;1;8336;14,3;68,2;8,0;60,0;0;282,5;8,0;8,0;0,00;0,00;34;50;126,4;126,9;6000;0;5;268435488;0;0;0;0;0;0;0;0;0;0;0;32,2;57,5;1;1;0;101;0;0;0;0,0;5883;0;0;0;
25.10.2025;18:50:56;12,2;12,1;0;32,1;8,0;16,4;8,0;0;0;0,0;8;57,9;57,9;50,0;1;8336;14,5;68,1;8,0;60,0;0;259,9;8,0;8,0;0,00;0,00;31;50;126,9;126,9;6000;0;5;268435488;0;0;0;0;0;0;0;0;0;0;0;32,1;57,9;1;1;0;101;0;0;0;0,0;5883;0;0;0;
25.10.2025;18:51:56;12,2;12,1;0;32,0;8,0;16,4;8,0;0;0;0,0;8;58,2;58,2;50,0;1;8336;14,6;67,9;8,0;60,0;0;239,5;8,0;8,0;0,00;0,00;0;22;54,6;126,9;6000;0;5;268435488;0;0;0;0;0;0;0;0;0;0;0;32,0;58,2;1;1;0;101;0;0;0;0,0;5883;0;0;0;
25.10.2025;18:52:56;12,2;12,1;0;31,9;8,0;16,4;8,0;0;0;0,0;8;58,5;58,5;50,0;1;8336;14,3;67,8;8,0;60,0;0;219,1;8,0;8,0;0,00;0,00;0;19;53,1;126,9;6000;0;5;268435488;0;0;0;0;0;0;0;0;0;0;0;31,9;58,5;1;1;0;101;0;0;0;0,0;5883;0;0;0;
25.10.2025;18:53:56;12,2;12,1;0;31,9;8,0;16,4;8,0;0;0;0,0;8;58,8;58,8;50,0;1;8336;14,5;67,6;8,0;60,0;0;202,1;8,0;8,0;0,00;0,00;0;18;52,4;126,9;6000;0;5;268435488;0;0;0;0;0;0;0;0;0;0;0;31,9;58,8;1;1;0;101;0;0;0;0,0;5883;0;0;0;
25.10.2025;18:54:56;12,2;12,1;0;30,8;8,0;16,4;8,0;0;0;0,0;8;59,1;59,1;50,0;0;8208;14,5;67,4;8,0;60,0;0;188,9;8,0;8,0;0,00;0,00;0;18;52,3;126,9;6000;0;5;268435488;0;0;0;0;0;0;0;0;0;0;0;30,8;59,1;1;1;0;101;0;0;0;0,0;5883;0;0;0;
25.10.2025;18:55:56;12,2;12,0;0;30,6;8,0;16,4;8,0;0;0;0,0;8;59,3;59,3;50,0;0;8208;14,5;67,3;8,0;60,0;0;177,9;8,0;8,0;0,00;0,00;0;18;52,4;126,9;6000;0;5;268435488;0;0;0;0;0;0;0;0;0;0;0;30,6;59,3;1;1;0;101;0;0;0;0,0;5883;0;0;0;
25.10.2025;18:56:56;12,2;12,0;0;30,6;8,0;16,5;8,0;0;0;0,0;8;59,3;59,3;50,0;0;8208;14,5;67,7;8,0;60,0;0;169,0;8,0;8,0;0,00;0,00;0;17;52,2;126,9;6000;0;5;268435488;0;0;0;0;0;0;0;0;0;0;0;30,6;59,3;1;1;0;101;0;0;0;0,0;5883;0;0;0;
25.10.2025;18:57:56;12,2;12,0;0;30,6;8,0;16,5;8,0;0;0;0,0;8;59,4;59,4;50,0;0;8208;14,5;68,0;8,0;60,0;0;161,8;8,0;8,0;0,00;0,00;0;17;53,1;126,9;6000;0;5;268435488;0;0;0;0;0;0;0;0;0;0;0;30,6;59,4;1;1;0;101;0;0;0;0,0;5883;0;0;0;
25.10.2025;18:58:56;12,2;12,0;0;30,6;8,0;16,5;8,0;0;0;0,0;8;59,4;59,4;50,0;0;8208;14,4;68,3;8,0;60,0;0;155,1;8,0;8,0;0,00;0,00;0;0;48,2;139,0;6000;0;99;1879048192;0;0;0;0;0;0;0;0;0;0;0;30,6;59,4;1;1;0;101;0;0;0;0,0;5883;0;0;0;
25.10.2025;18:59:56;12,2;11,9;0;30,5;8,0;16,5;8,0;0;0;0,0;8;59,3;59,3;50,0;0;8208;14,5;68,5;8,0;60,0;0;149,5;8,0;8,0;0,00;0,00;0;0;48,3;139,0;6000;0;99;1879048192;0;0;0;0;0;0;0;0;0;0;0;30,5;59,3;1;1;0;101;0;0;0;0,0;5883;0;0;0;
25.10.2025;19:00:56;12,1;12,0;0;30,6;8,0;16,5;8,0;0;0;0,0;8;59,4;59,4;50,0;0;8208;14,5;68,7;8,0;60,0;0;144,7;8,0;8,0;0,00;0,00;0;0;48,6;139,0;6000;0;99;1879048192;0;0;0;0;0;0;0;0;0;0;0;30,6;59,4;1;1;0;101;0;0;0;0,0;5883;0;0;0;
25.10.2025;19:01:56;12,1;11,9;0;30,6;8,0;16,5;8,0;0;0;0,0;8;59,4;59,4;50,0;0;8208;14,5;68,9;8,0;60,0;0;140,6;8,0;8,0;0,00;0,00;0;0;49,2;139,0;6000;0;99;1879048192;0;0;0;0;0;0;0;0;0;1;0;30,6;59,4;1;0;0;110;0;0;0;0,0;5883;0;0;0;
25.10.2025;19:02:56;12,1;11,9;0;30,6;8,0;16,5;8,0;0;0;0,0;8;59,4;59,4;50,0;0;8208;14,9;69,0;8,0;60,0;0;137,5;8,0;8,0;0,00;0,00;0;0;48,4;139,0;6000;0;99;1879048192;0;0;0;0;0;0;0;0;0;1;0;30,6;59,4;1;0;0;110;0;0;0;0,0;5883;0;0;0;
25.10.2025;19:03:56;12,1;11,8;0;30,6;8,0;16,5;8,0;0;0;0,0;8;59,4;59,4;50,0;0;8208;14,5;69,2;8,0;60,0;0;134,5;8,0;8,0;0,00;0,00;0;0;48,8;139,0;6000;0;99;1879048192;0;0;0;0;0;0;0;0;0;1;0;30,6;59,4;1;0;0;110;0;0;0;0,0;5883;0;0;0;
25.10.2025;19:04:56;12,1;11,9;0;30,6;8,0;16,5;8,0;0;0;0,0;8;59,4;59,4;50,0;0;8208;14,4;69,3;8,0;60,0;0;131,9;8,0;8,0;0,00;0,00;0;0;48,3;139,0;6000;0;99;1879048192;0;0;0;0;0;0;0;0;0;1;0;30,6;59,4;1;0;0;110;0;0;0;0,0;5883;0;0;0;
25.10.2025;19:05:56;12,1;11,9;0;30,6;8,0;16,5;8,0;0;0;0,0;8;59,5;59,5;50,0;0;8208;14,5;69,5;8,0;60,0;0;129,3;8,0;8,0;0,00;0,00;0;0;48,5;139,0;6000;0;99;1879048192;0;0;0;0;0;0;0;0;0;1;0;30,6;59,5;1;0;0;110;0;0;0;0,0;5883;0;0;0;
25.10.2025;19:06:56;12,1;11,9;0;30,7;8,0;16,4;8,0;0;0;0,0;8;59,5;59,5;50,0;0;8208;14,5;69,7;8,0;60,0;0;127,3;8,0;8,0;0,00;0,00;0;0;48,5;139,0;6000;0;99;1879048192;0;0;0;0;0;0;0;0;0;0;0;30,7;59,5;1;0;0;110;0;0;0;0,0;5883;0;0;0;
25.10.2025;19:07:56;12,1;11,8;0;30,6;8,0;16,4;8,0;0;0;0,0;8;59,5;59,5;50,0;0;8208;14,4;69,8;8,0;60,0;0;125,3;8,0;8,0;0,00;0,00;0;0;48,4;139,0;6000;0;99;1879048192;0;0;0;0;0;0;0;0;0;0;0;30,6;59,5;1;0;0;110;0;0;0;0,0;5883;0;0;0;
25.10.2025;19:08:56;12,1;11,9;0;30,7;8,0;16,5;8,0;0;0;0,0;8;59,5;59,5;50,0;0;8208;14,5;69,8;8,0;60,0;0;123,5;8,0;8,0;0,00;0,00;0;0;49,0;139,0;6000;0;99;1879048192;0;0;0;0;0;0;0;0;0;0;0;30,7;59,5;1;0;0;110;0;0;0;0,0;5883;0;0;0;
25.10.2025;19:09:56;12,1;11,7;0;30,6;8,0;16,5;8,0;0;0;0,0;8;59,4;59,4;50,0;0;8208;14,5;70,0;8,0;60,0;0;121,7;8,0;8,0;0,00;0,00;0;0;48,2;139,0;6000;0;99;1879048192;0;0;0;0;0;0;0;0;0;0;0;30,6;59,4;1;0;0;110;0;0;0;0,0;5883;0;0;0;
25.10.2025;19:10:56;12,1;11,8;0;30,7;8,0;16,5;8,0;0;0;0,0;8;59,5;59,5;50,0;0;8208;14,6;70,0;8,0;60,0;0;120,5;8,0;8,0;0,00;0,00;0;0;48,7;139,0;6000;0;99;1879048192;0;0;0;0;0;0;0;0;0;0;0;30,7;59,5;1;0;0;110;0;0;0;0,0;5883;0;0;0;
25.10.2025;19:11:56;12,1;11,8;0;30,7;8,0;16,5;8,0;0;0;0,0;8;59,5;59,5;50,0;0;8208;14,5;70,1;8,0;60,0;0;119,0;8,0;8,0;0,00;0,00;0;0;49,2;139,0;6000;0;99;1879048192;0;0;0;0;0;0;0;0;0;0;0;30,7;59,5;1;0;0;110;0;0;0;0,0;5883;0;0;0;
25.10.2025;19:12:56;12,1;11,8;0;30,7;8,0;16,5;8,0;0;0;0,0;8;59,5;59,5;50,0;0;8208;14,5;70,1;8,0;60,0;0;117,7;8,0;8,0;0,00;0,00;0;0;48,9;139,0;6000;0;99;1879048192;0;0;0;0;0;0;0;0;0;0;0;30,7;59,5;1;0;0;110;0;0;0;0,0;5883;0;0;0;
25.10.2025;19:13:56;12,1;11,8;0;30,7;8,0;16,5;8,0;0;0;0,0;8;59,4;59,4;50,0;0;8208;14,5;70,2;8,0;60,0;0;116,2;8,0;8,0;0,00;0,00;0;0;48,2;139,0;6000;0;99;1879048192;0;0;0;0;0;0;0;0;0;0;0;30,7;59,4;1;0;0;110;0;0;0;0,0;5883;0;0;0;
25.10.2025;19:14:56;12,0;11,7;0;30,8;8,0;16,5;8,0;0;0;0,0;8;59,4;59,4;50,0;0;8208;14,5;70,2;8,0;60,0;0;114,9;8,0;8,0;0,00;0,00;0;0;48,4;139,0;6000;0;99;1879048192;0;0;0;0;0;0;0;0;0;0;0;30,8;59,4;1;0;0;110;0;0;0;0,0;5883;0;0;0;
25.10.2025;19:15:56;12,0;11,7;0;30,8;8,0;16,5;8,0;0;0;0,0;8;59,4;59,4;50,0;0;8208;14,5;70,2;8,0;60,0;0;113,9;8,0;8,0;0,00;0,00;0;0;48,4;139,0;6000;0;99;1879048192;0;0;0;0;0;0;0;0;0;0;0;30,8;59,4;1;0;0;110;0;0;0;0,0;5883;0;0;0;
25.10.2025;19:16:56;12,0;11,7;0;30,8;8,0;16,5;8,0;0;0;0,0;8;59,4;59,4;50,0;0;8208;14,6;70,2;8,0;60,0;0;112,9;8,0;8,0;0,00;0,00;0;0;49,5;139,0;6000;0;99;1879048192;0;0;0;0;0;0;0;0;0;0;0;30,8;59,4;1;0;0;110;0;0;0;0,0;5883;0;0;0;
25.10.2025;19:17:56;12,0;11,7;0;30,8;8,0;16,5;8,0;0;0;0,0;8;59,4;59,4;50,0;0;8208;14,5;70,2;8,0;60,0;0;112,0;8,0;8,0;0,00;0,00;0;0;48,5;139,0;6000;0;99;1879048192;0;0;0;0;0;0;0;0;0;0;0;30,8;59,4;1;0;0;110;0;0;0;0,0;5883;0;0;0;
25.10.2025;19:18:56;12,0;11,7;0;30,9;8,0;16,4;8,0;0;0;0,0;8;59,4;59,4;50,0;0;8208;14,5;70,2;8,0;60,0;0;110,8;8,0;8,0;0,00;0,00;0;0;48,4;139,0;6000;0;99;1879048192;0;0;0;0;0;0;0;0;0;0;0;30,9;59,4;1;0;0;110;0;0;0;0,0;5883;0;0;0;
25.10.2025;19:19:56;12,0;11,7;0;30,9;8,0;16,4;8,0;0;0;0,0;8;59,4;59,4;50,0;0;8208;14,5;70,2;8,0;60,0;0;110,1;8,0;8,0;0,00;0,00;0;0;48,2;139,0;6000;0;99;1879048192;0;0;0;0;0;0;0;0;0;0;0;30,9;59,4;1;0;0;110;0;0;0;0,0;5883;0;0;0;
25.10.2025;19:20:56;12,0;11,7;0;30,9;8,0;16,4;8,0;0;0;0,0;8;59,3;59,3;50,0;0;8208;14,5;70,2;8,0;60,0;0;109,0;8,0;8,0;0,00;0,00;0;0;48,3;139,0;6000;0;99;1879048192;0;0;0;0;0;0;0;0;0;0;0;30,9;59,3;1;0;0;110;0;0;0;0,0;5883;0;0;0;
25.10.2025;19:21:56;12,0;11,7;0;30,9;8,0;16,4;8,0;0;0;0,0;8;59,3;59,3;50,0;0;8208;14,5;70,2;8,0;60,0;0;108,1;8,0;8,0;0,00;0,00;0;0;48,7;139,0;6000;0;99;1879048192;0;0;0;0;0;0;0;0;0;0;0;30,9;59,3;1;0;0;110;0;0;0;0,0;5883;0;0;0;
25.10.2025;19:22:56;12,0;11,7;0;30,9;8,0;16,4;8,0;0;0;0,0;8;59,3;59,3;50,0;0;8208;14,5;70,2;8,0;60,0;0;107,3;8,0;8,0;0,00;0,00;0;0;48,4;139,0;6000;0;99;1879048192;0;0;0;0;0;0;0;0;0;0;0;30,9;59,3;1;0;0;110;0;0;0;0,0;5883;0;0;0;
25.10.2025;19:23:56;12,0;11,7;0;31,0;8,0;16,5;8,0;0;0;0,0;8;59,3;59,3;50,0;0;8208;14,5;70,2;8,0;60,0;0;106,5;8,0;8,0;0,00;0,00;0;0;49,0;139,0;6000;0;99;1879048192;0;0;0;0;0;0;0;0;0;0;0;31,0;59,3;1;0;0;110;0;0;0;0,0;5883;0;0;0;
25.10.2025;19:24:56;12,0;11,7;0;31,0;8,0;16,5;8,0;0;0;0,0;8;59,3;59,3;50,0;0;8208;14,5;70,2;8,0;60,0;0;105,5;8,0;8,0;0,00;0,00;0;0;48,6;139,0;6000;0;99;1879048192;0;0;0;0;0;0;0;0;0;0;0;31,0;59,3;1;0;0;110;0;0;0;0,0;5883;0;0;0;
25.10.2025;19:25:56;12,0;11,7;0;31,0;8,0;16,5;8,0;0;0;0,0;8;59,2;59,2;50,0;0;8208;14,5;70,2;8,0;60,0;0;104,5;8,0;8,0;0,00;0,00;0;0;48,4;139,0;6000;0;99;1879048192;0;0;0;0;0;0;0;0;0;0;0;31,0;59,2;1;0;0;110;0;0;0;0,0;5883;0;0;0;
25.10.2025;19:26:56;11,9;11,7;0;31,0;8,0;16,5;8,0;0;0;0,0;8;59,2;59,2;50,0;0;8208;14,5;70,2;8,0;60,0;0;103,8;8,0;8,0;0,00;0,00;0;0;48,4;139,0;6000;0;99;1879048192;0;0;0;0;0;0;0;0;0;0;0;31,0;59,2;1;0;0;110;0;0;0;0,0;5883;0;0;0;
25.10.2025;19:27:56;11,9;11,7;0;31,0;8,0;16,5;8,0;0;0;0,0;8;59,2;59,2;50,0;0;8208;14,5;70,2;8,0;60,0;0;103,0;8,0;8,0;0,00;0,00;0;0;48,3;139,0;6000;0;99;1879048192;0;0;0;0;0;0;0;0;0;0;0;31,0;59,2;1;0;0;110;0;0;0;0,0;5883;0;0;0;
25.10.2025;19:28:56;11,9;11,7;0;31,0;8,0;16,5;8,0;0;0;0,0;8;59,2;59,2;50,0;0;8208;14,5;70,2;8,0;60,0;0;102,3;8,0;8,0;0,00;0,00;0;0;48,4;139,0;6000;0;99;1879048192;0;0;0;0;0;0;0;0;0;0;0;31,0;59,2;1;0;0;110;0;0;0;0,0;5883;0;0;0;
25.10.2025;19:29:56;11,9;11,7;0;31,1;8,0;16,5;8,0;0;0;0,0;8;59,1;59,1;50,0;0;8208;14,7;70,2;8,0;60,0;0;101,5;8,0;8,0;0,00;0,00;0;0;48,3;139,0;6000;0;99;1879048192;0;0;0;0;0;0;0;0;0;0;0;31,1;59,1;1;0;0;110;0;0;0;0,0;5883;0;0;0;
25.10.2025;19:30:56;11,9;11,7;0;31,1;8,0;16,5;8,0;0;0;0,0;8;59,1;59,1;50,0;0;8208;14,5;70,2;8,0;60,0;0;101,1;8,0;8,0;0,00;0,00;0;0;48,4;139,0;6000;0;99;1879048192;0;0;0;0;0;0;0;0;0;0;0;31,1;59,1;1;0;0;110;0;0;0;0,0;5883;0;0;0;
25.10.2025;19:31:56;11,9;11,7;0;31,1;8,0;16,5;8,0;0;0;0,0;8;59,1;59,1;50,0;0;8208;14,5;70,2;8,0;60,0;0;100,4;8,0;8,0;0,00;0,00;0;0;48,2;139,0;6000;0;99;1879048192;0;0;0;0;0;0;0;0;0;0;0;31,1;59,1;1;0;0;110;0;0;0;0,0;5883;0;0;0;
25.10.2025;19:32:56;11,9;11,7;0;31,1;8,0;16,5;8,0;0;0;0,0;8;59,1;59,1;50,0;0;8208;14,5;70,2;8,0;60,0;0;99,9;8,0;8,0;0,00;0,00;0;0;48,2;139,0;6000;0;99;1879048192;0;0;0;0;0;0;0;0;0;0;0;31,1;59,1;1;0;0;110;0;0;0;0,0;5883;0;0;0;
25.10.2025;19:33:56;11,9;11,7;0;31,1;8,0;16,5;8,0;0;0;0,0;8;59,0;59,0;50,0;0;8208;14,5;70,1;8,0;60,0;0;99,1;8,0;8,0;0,00;0,00;0;0;48,3;139,0;6000;0;99;1879048192;0;0;0;0;0;0;0;0;0;0;0;31,1;59,0;1;0;0;110;0;0;0;0,0;5883;0;0;0;
25.10.2025;19:34:56;11,9;11,6;0;31,1;8,0;16,6;8,0;0;0;0,0;8;59,0;59,0;50,0;0;8208;14,6;70,1;8,0;60,0;0;98,5;8,0;8,0;0,00;0,00;0;0;48,4;139,0;6000;0;99;1879048192;0;0;0;0;0;0;0;0;0;0;0;31,1;59,0;1;0;0;110;0;0;0;0,0;5883;0;0;0;
25.10.2025;19:35:56;11,9;11,6;0;31,2;8,0;16,6;8,0;0;0;0,0;8;58,9;58,9;50,0;0;8208;14,5;70,2;8,0;60,0;0;98,1;8,0;8,0;0,00;0,00;0;0;48,1;139,0;6000;0;99;1879048192;0;0;0;0;0;0;0;0;0;0;0;31,2;58,9;1;0;0;110;0;0;0;0,0;5883;0;0;0;
25.10.2025;19:36:56;11,9;11,6;0;31,2;8,0;16,6;8,0;0;0;0,0;8;58,9;58,9;50,0;0;8208;14,6;70,1;8,0;60,0;0;97,5;8,0;8,0;0,00;0,00;0;0;48,2;139,0;6000;0;99;1879048192;0;0;0;0;0;0;0;0;0;0;0;31,2;58,9;1;0;0;110;0;0;0;0,0;5883;0;0;0;
25.10.2025;19:37:56;11,8;11,7;0;31,2;8,0;16,6;8,0;0;0;0,0;8;58,9;58,9;50,0;0;8208;14,5;70,1;8,0;60,0;0;97,1;8,0;8,0;0,00;0,00;0;0;48,3;139,0;6000;0;99;1879048192;0;0;0;0;0;0;0;0;0;0;0;31,2;58,9;1;0;0;110;0;0;0;0,0;5883;0;0;0;
25.10.2025;19:38:56;11,8;11,6;0;31,2;8,0;16,5;8,0;0;0;0,0;8;58,9;58,9;50,0;0;8208;14,6;69,9;8,0;60,0;0;96,7;8,0;8,0;0,00;0,00;0;0;48,5;139,0;6000;0;99;1879048192;0;0;0;0;0;0;0;0;0;0;0;31,2;58,9;1;0;0;110;0;0;0;0,0;5883;0;0;0;
25.10.2025;19:39:56;11,8;11,6;0;31,3;8,0;16,5;8,0;0;0;0,0;8;58,8;58,8;50,0;0;8208;14,6;70,1;8,0;60,0;0;95,8;8,0;8,0;0,00;0,00;0;0;48,1;139,0;6000;0;99;1879048192;0;0;0;0;0;0;0;0;0;0;0;31,3;58,8;1;0;0;110;0;0;0;0,0;5883;0;0;0;
25.10.2025;19:40:56;11,8;11,6;0;31,3;8,0;16,6;8,0;0;0;0,0;8;58,8;58,8;50,0;0;8208;14,5;70,1;8,0;60,0;0;95,4;8,0;8,0;0,00;0,00;0;0;48,2;139,0;6000;0;99;1879048192;0;0;0;0;0;0;0;0;0;0;0;31,3;58,8;1;0;0;110;0;0;0;0,0;5883;0;0;0;
25.10.2025;19:41:56;11,8;11,7;0;31,3;8,0;16,6;8,0;0;0;0,0;8;58,8;58,8;50,0;0;8208;14,5;70,0;8,0;60,0;0;94,9;8,0;8,0;0,00;0,00;0;0;48,4;139,0;6000;0;99;1879048192;0;0;0;0;0;0;0;0;0;0;0;31,3;58,8;1;0;0;110;0;0;0;0,0;5883;0;0;0;
25.10.2025;19:42:56;11,8;11,7;0;31,3;8,0;16,6;8,0;0;0;0,0;8;58,8;58,8;50,0;0;8208;14,9;70,1;8,0;60,0;0;94,4;8,0;8,0;0,00;0,00;0;0;48,2;139,0;6000;0;99;1879048192;0;0;0;0;0;0;0;0;0;0;0;31,3;58,8;1;0;0;110;0;0;0;0,0;5883;0;0;0;
25.10.2025;19:43:56;11,8;11,7;0;31,3;8,0;16,6;8,0;0;0;0,0;8;58,8;58,8;50,0;0;8208;14,5;70,0;8,0;60,0;0;94,0;8,0;8,0;0,00;0,00;0;0;48,2;139,0;6000;0;99;1879048192;0;0;0;0;0;0;0;0;0;0;0;31,3;58,8;1;0;0;110;0;0;0;0,0;5883;0;0;0;
25.10.2025;19:44:56;11,8;11,6;0;31,3;8,0;16,7;8,0;0;0;0,0;8;58,8;58,8;50,0;0;8208;14,4;70,1;8,0;60,0;0;93,5;8,0;8,0;0,00;0,00;0;0;48,6;139,0;6000;0;99;1879048192;0;0;0;0;0;0;0;0;0;0;0;31,3;58,8;1;0;0;110;0;0;0;0,0;5883;0;0;0;
25.10.2025;19:45:56;11,8;11,7;0;31,4;8,0;16,6;8,0;0;0;0,0;8;58,7;58,7;50,0;0;8208;14,5;70,1;8,0;60,0;0;93,2;8,0;8,0;0,00;0,00;0;0;48,2;139,0;6000;0;99;1879048192;0;0;0;0;0;0;0;0;0;0;0;31,4;58,7;1;0;0;110;0;0;0;0,0;5883;0;0;0;
25.10.2025;19:46:56;11,8;11,6;0;31,4;8,0;16,6;8,0;0;0;0,0;8;58,7;58,7;50,0;0;8208;14,5;70,0;8,0;60,0;0;92,8;8,0;8,0;0,00;0,00;0;0;48,2;139,0;6000;0;99;1879048192;0;0;0;0;0;0;0;0;0;0;0;31,4;58,7;1;0;0;110;0;0;0;0,0;5883;0;0;0;
25.10.2025;19:47:56;11,7;11,7;0;31,4;8,0;16,6;8,0;0;0;0,0;8;58,7;58,7;50,0;0;8208;14,6;70,0;8,0;60,0;0;92,4;8,0;8,0;0,00;0,00;0;0;48,2;139,0;6000;0;99;1879048192;0;0;0;0;0;0;0;0;0;0;0;31,4;58,7;1;0;0;110;0;0;0;0,0;5883;0;0;0;
25.10.2025;19:48:56;11,7;11,7;0;31,5;8,0;16,5;8,0;0;0;0,0;8;58,6;58,6;50,0;0;8208;14,5;70,0;8,0;60,0;0;91,9;8,0;8,0;0,00;0,00;0;0;48,2;139,0;6000;0;99;1879048192;0;0;0;0;0;0;0;0;0;0;0;31,5;58,6;1;0;0;110;0;0;0;0,0;5883;0;0;0;
25.10.2025;19:49:56;11,7;11,7;0;31,4;8,0;16,5;8,0;0;0;0,0;8;58,6;58,6;50,0;0;8208;14,5;70,0;8,0;60,0;0;91,6;8,0;8,0;0,00;0,00;0;0;48,4;139,0;6000;0;99;1879048192;0;0;0;0;0;0;0;0;0;0;0;31,4;58,6;1;0;0;110;0;0;0;0,0;5883;0;0;0;
25.10.2025;19:50:56;11,7;11,7;0;31,5;8,0;16,5;8,0;0;0;0,0;8;58,6;58,6;50,0;0;8208;14,5;70,0;8,0;60,0;0;91,4;8,0;8,0;0,00;0,00;0;0;48,1;139,0;6000;0;99;1879048192;0;0;0;0;0;0;0;0;0;0;0;31,5;58,6;1;0;0;110;0;0;0;0,0;5883;0;0;0;
25.10.2025;19:51:56;11,7;11,6;0;31,5;8,0;16,5;8,0;0;0;0,0;8;58,6;58,6;50,0;0;8208;14,7;70,0;8,0;60,0;0;90,9;8,0;8,0;0,00;0,00;0;0;48,2;139,0;6000;0;99;1879048192;0;0;0;0;0;0;0;0;0;0;0;31,5;58,6;1;0;0;110;0;0;0;0,0;5883;0;0;0;
25.10.2025;19:52:56;11,7;11,7;0;31,5;8,0;16,5;8,0;0;0;0,0;8;58,5;58,5;50,0;0;8208;14,9;70,0;8,0;60,0;0;90,5;8,0;8,0;0,00;0,00;0;0;48,0;139,0;6000;0;99;1879048192;0;0;0;0;0;0;0;0;0;0;0;31,5;58,5;1;0;0;110;0;0;0;0,0;5883;0;0;0;
25.10.2025;19:53:56;11,7;11,7;0;31,5;8,0;16,5;8,0;0;0;0,0;8;58,5;58,5;50,0;0;8208;14,6;70,0;8,0;60,0;0;90,0;8,0;8,0;0,00;0,00;0;0;48,1;139,0;6000;0;99;1879048192;0;0;0;0;0;0;0;0;0;0;0;31,5;58,5;1;0;0;110;0;0;0;0,0;5883;0;0;0;
25.10.2025;19:54:56;11,7;11,7;0;31,5;8,0;16,5;8,0;0;0;0,0;8;58,5;58,5;50,0;0;8208;14,5;70,0;8,0;60,0;0;89,8;8,0;8,0;0,00;0,00;0;0;48,3;139,0;6000;0;99;1879048192;0;0;0;0;0;0;0;0;0;0;0;31,5;58,5;1;0;0;110;0;0;0;0,0;5883;0;0;0;
25.10.2025;19:55:56;11,7;11,7;0;31,6;8,0;16,5;8,0;0;0;0,0;8;58,5;58,5;50,0;0;8208;14,6;70,0;8,0;60,0;0;89,4;8,0;8,0;0,00;0,00;0;0;48,1;139,0;6000;0;99;1879048192;0;0;0;0;0;0;0;0;0;0;0;31,6;58,5;1;0;0;110;0;0;0;0,0;5883;0;0;0;
25.10.2025;19:56:56;11,7;11,7;0;31,6;8,0;16,5;8,0;0;0;0,0;8;58,5;58,5;50,0;0;8208;14,5;70,0;8,0;60,0;0;89,0;8,0;8,0;0,00;0,00;0;0;48,1;139,0;6000;0;99;1879048192;0;0;0;0;0;0;0;0;0;0;0;31,6;58,5;1;0;0;110;0;0;0;0,0;5883;0;0;0;
25.10.2025;19:57:56;11,7;11,7;0;31,6;8,0;16,5;8,0;0;0;0,0;8;58,4;58,4;50,0;0;8208;14,5;69,9;8,0;60,0;0;88,6;8,0;8,0;0,00;0,00;0;0;48,1;139,0;6000;0;99;1879048192;0;0;0;0;0;0;0;0;0;0;0;31,6;58,4;1;0;0;110;0;0;0;0,0;5883;0;0;0;
25.10.2025;19:58:56;11,7;11,7;0;31,6;8,0;16,5;8,0;0;0;0,0;8;58,4;58,4;50,0;0;8208;14,5;70,0;8,0;60,0;0;88,3;8,0;8,0;0,00;0,00;0;0;48,1;139,0;6000;0;99;1879048192;0;0;0;0;0;0;0;0;0;0;0;31,6;58,4;1;0;0;110;0;0;0;0,0;5883;0;0;0;
25.10.2025;19:59:56;11,7;11,7;0;31,6;8,0;16,5;8,0;0;0;0,0;8;58,4;58,4;50,0;0;8208;14,6;70,0;8,0;60,0;0;87,9;8,0;8,0;0,00;0,00;0;0;48,1;139,0;6000;0;99;1879048192;0;0;0;0;0;0;0;0;0;0;0;31,6;58,4;1;0;0;110;0;0;0;0,0;5883;0;0;0;
25.10.2025;20:00:56;11,7;11,7;0;31,6;8,0;16,5;8,0;0;0;0,0;8;58,3;58,3;50,0;0;8208;15,0;70,0;8,0;60,0;0;87,6;8,0;8,0;0,00;0,00;0;0;48,1;139,0;6000;0;99;1879048192;0;0;0;0;0;0;0;0;0;0;0;31,7;58,3;1;0;0;110;0;0;0;0,0;5883;0;0;0;
25.10.2025;20:01:56;11,7;11,7;0;31,7;8,0;16,5;8,0;0;0;0,0;8;58,3;58,3;26,0;0;8200;14,6;70,0;8,0;60,0;0;87,4;8,0;8,0;0,00;0,00;0;0;48,0;139,0;6000;0;99;1879048192;0;0;0;0;0;0;0;0;0;0;0;31,7;58,3;1;0;0;110;0;0;0;0,0;5883;0;0;0;
25.10.2025;20:02:56;11,7;11,7;0;31,6;8,0;16,5;8,0;0;0;0,0;8;58,3;58,3;26,0;0;8200;14,5;69,9;8,0;60,0;0;87,2;8,0;8,0;0,00;0,00;0;0;48,0;139,0;6000;0;99;1879048192;0;0;0;0;0;0;0;0;0;0;0;31,7;58,3;1;0;0;110;0;0;0;0,0;5883;0;0;0;
25.10.2025;20:03:56;11,6;11,7;0;31,6;8,0;16,5;8,0;0;0;0,0;8;58,2;58,2;26,0;0;8200;14,5;70,0;8,0;60,0;0;86,9;8,0;8,0;0,00;0,00;0;0;48,1;139,0;6000;0;99;1879048192;0;0;0;0;0;0;0;0;0;0;0;31,6;58,2;1;0;0;110;0;0;0;0,0;5883;0;0;0;
25.10.2025;20:04:56;11,6;11,6;0;31,7;8,0;16,5;8,0;0;0;0,0;8;58,2;58,2;26,0;0;8200;14,7;69,9;8,0;60,0;0;86,5;8,0;8,0;0,00;0,00;0;0;48,1;139,0;6000;0;99;1879048192;0;0;0;0;0;0;0;0;0;0;0;31,7;58,2;1;0;0;110;0;0;0;0,0;5883;0;0;0;
25.10.2025;20:05:56;11,6;11,6;0;31,7;8,0;16,5;8,0;0;0;0,0;8;58,2;58,2;26,0;0;8200;14,6;69,9;8,0;60,0;0;86,2;8,0;8,0;0,00;0,00;0;0;48,0;139,0;6000;0;99;1879048192;0;0;0;0;0;0;0;0;0;0;0;31,7;58,2;1;0;0;110;0;0;0;0,0;5883;0;0;0;
25.10.2025;20:06:56;11,6;11,7;0;31,7;8,0;16,5;8,0;0;0;0,0;8;58,2;58,2;26,0;0;8200;14,6;69,9;8,0;60,0;0;86,1;8,0;8,0;0,00;0,00;0;0;48,1;139,0;6000;0;99;1879048192;0;0;0;0;0;0;0;0;0;0;0;31,7;58,2;1;0;0;110;0;0;0;0,0;5883;0;0;0;
25.10.2025;20:07:56;11,6;11,6;0;31,7;8,0;16,5;8,0;0;0;0,0;8;58,1;58,1;26,0;0;8200;14,5;69,9;8,0;60,0;0;85,7;8,0;8,0;0,00;0,00;0;0;48,0;139,0;6000;0;99;1879048192;0;0;0;0;0;0;0;0;0;0;0;31,7;58,2;1;0;0;110;0;0;0;0,0;5883;0;0;0;
25.10.2025;20:08:56;11,6;11,6;0;31,7;8,0;16,5;8,0;0;0;0,0;8;58,1;58,1;26,0;0;8200;14,6;69,8;8,0;60,0;0;85,3;8,0;8,0;0,00;0,00;0;0;48,1;139,0;6000;0;99;1879048192;0;0;0;0;0;0;0;0;0;0;0;31,7;58,1;1;0;0;110;0;0;0;0,0;5883;0;0;0;
25.10.2025;20:09:56;11,6;11,6;0;31,7;8,0;16,6;8,0;0;0;0,0;8;58,1;58,1;26,0;0;8200;14,7;69,9;8,0;60,0;0;85,1;8,0;8,0;0,00;0,00;0;0;48,1;139,0;6000;0;99;1879048192;0;0;0;0;0;0;0;0;0;0;0;31,7;58,1;1;0;0;110;0;0;0;0,0;5883;0;0;0;
25.10.2025;20:10:56;11,6;11,6;0;31,8;8,0;16,6;8,0;0;0;0,0;8;58,1;58,1;26,0;0;8200;14,5;69,9;8,0;60,0;0;84,9;8,0;8,0;0,00;0,00;0;0;48,0;139,0;6000;0;99;1879048192;0;0;0;0;0;0;0;0;0;0;0;31,8;58,1;1;0;0;110;0;0;0;0,0;5883;0;0;0;
25.10.2025;20:11:56;11,6;11,6;0;31,7;8,0;16,6;8,0;0;0;0,0;8;58,1;58,1;26,0;0;8200;14,5;69,9;8,0;60,0;0;84,7;8,0;8,0;0,00;0,00;0;0;48,1;139,0;6000;0;99;1879048192;0;0;0;0;0;0;0;0;0;0;0;31,7;58,1;1;0;0;110;0;0;0;0,0;5883;0;0;0;
25.10.2025;20:12:56;11,6;11,6;0;31,8;8,0;16,6;8,0;0;0;0,0;8;58,1;58,1;26,0;0;8200;14,6;69,8;8,0;60,0;0;84,4;8,0;8,0;0,00;0,00;0;0;48,0;139,0;6000;0;99;1879048192;0;0;0;0;0;0;0;0;0;0;0;31,8;58,1;1;0;0;110;0;0;0;0,0;5883;0;0;0;
25.10.2025;20:13:56;11,6;11,6;0;31,8;8,0;16,6;8,0;0;0;0,0;8;58,0;58,0;26,0;0;8200;14,5;69,9;8,0;60,0;0;84,2;8,0;8,0;0,00;0,00;0;0;47,9;139,0;6000;0;99;1879048192;0;0;0;0;0;0;0;0;0;0;0;31,8;58,0;1;0;0;110;0;0;0;0,0;5883;0;0;0;
25.10.2025;20:14:56;11,6;11,6;0;31,7;8,0;16,6;8,0;0;0;0,0;8;58,0;58,0;26,0;0;8200;14,5;69,8;8,0;60,0;0;84,0;8,0;8,0;0,00;0,00;0;0;48,0;139,0;6000;0;99;1879048192;0;0;0;0;0;0;0;0;0;0;0;31,7;58,0;1;0;0;110;0;0;0;0,0;5883;0;0;0;
25.10.2025;20:15:56;11,6;11,6;0;31,7;8,0;16,6;8,0;0;0;0,0;8;57,9;57,9;26,0;0;8200;14,6;69,8;8,0;60,0;0;83,9;8,0;8,0;0,00;0,00;0;0;48,1;139,0;6000;0;99;1879048192;0;0;0;0;0;0;0;0;0;0;0;31,7;57,9;1;0;0;110;0;0;0;0,0;5883;0;0;0;
25.10.2025;20:16:56;11,6;11,6;0;31,8;8,0;16,6;8,0;0;0;0,0;8;57,9;57,9;26,0;0;8200;14,5;69,8;8,0;60,0;0;83,6;8,0;8,0;0,00;0,00;0;0;48,0;139,0;6000;0;99;1879048192;0;0;0;0;0;0;0;0;0;0;0;31,8;57,9;1;0;0;110;0;0;0;0,0;5883;0;0;0;
25.10.2025;20:17:56;11,6;11,6;0;31,8;8,0;16,6;8,0;0;0;0,0;8;57,9;57,9;26,0;0;8200;14,5;69,8;8,0;60,0;0;83,4;8,0;8,0;0,00;0,00;0;0;47,9;139,0;6000;0;99;1879048192;0;0;0;0;0;0;0;0;0;0;0;31,8;57,9;1;0;0;110;0;0;0;0,0;5883;0;0;0;
25.10.2025;20:18:56;11,6;11,6;0;31,8;8,0;16,6;8,0;0;0;0,0;8;57,9;57,9;26,0;0;8200;14,7;69,7;8,0;60,0;0;83,1;8,0;8,0;0,00;0,00;0;0;48,1;139,0;6000;0;99;1879048192;0;0;0;0;0;0;0;0;0;0;0;31,8;57,9;1;0;0;110;0;0;0;0,0;5883;0;0;0;
25.10.2025;20:19:56;11,6;11,6;0;31,8;8,0;16,5;8,0;0;0;0,0;8;57,8;57,8;26,0;0;8200;14,6;69,7;8,0;60,0;0;82,9;8,0;8,0;0,00;0,00;0;0;48,0;139,0;6000;0;99;1879048192;0;0;0;0;0;0;0;0;0;0;0;31,8;57,8;1;0;0;110;0;0;0;0,0;5883;0;0;0;
25.10.2025;20:20:56;11,6;11,6;0;31,8;8,0;16,5;8,0;0;0;0,0;8;57,8;57,8;26,0;0;8200;14,7;69,8;8,0;60,0;0;82,7;8,0;8,0;0,00;0,00;0;0;48,0;139,0;6000;0;99;1879048192;0;0;0;0;0;0;0;0;0;0;0;31,8;57,8;1;0;0;110;0;0;0;0,0;5883;0;0;0;
25.10.2025;20:21:56;11,6;11,5;0;31,8;8,0;16,6;8,0;0;0;0,0;8;57,8;57,8;26,0;0;8200;14,6;69,7;8,0;60,0;0;82,5;8,0;8,0;0,00;0,00;0;0;48,0;139,0;6000;0;99;1879048192;0;0;0;0;0;0;0;0;0;0;0;31,8;57,8;1;0;0;110;0;0;0;0,0;5883;0;0;0;
25.10.2025;20:22:56;11,6;11,5;0;31,8;8,0;16,5;8,0;0;0;0,0;8;57,8;57,8;26,0;0;8200;14,6;69,7;8,0;60,0;0;82,3;8,0;8,0;0,00;0,00;0;0;47,8;139,0;6000;0;99;1879048192;0;0;0;0;0;0;0;0;0;0;0;31,8;57,8;1;0;0;110;0;0;0;0,0;5883;0;0;0;
25.10.2025;20:23:56;11,6;11,5;0;31,8;8,0;16,6;8,0;0;0;0,0;8;57,8;57,8;26,0;0;8200;14,5;69,7;8,0;60,0;0;82,0;8,0;8,0;0,00;0,00;0;0;48,0;139,0;6000;0;99;1879048192;0;0;0;0;0;0;0;0;0;0;0;31,8;57,8;1;0;0;110;0;0;0;0,0;5883;0;0;0;
25.10.2025;20:24:56;11,6;11,5;0;31,8;8,0;16,6;8,0;0;0;0,0;8;57,7;57,7;26,0;0;8200;14,6;69,7;8,0;60,0;0;81,8;8,0;8,0;0,00;0,00;0;0;48,0;139,0;6000;0;99;1879048192;0;0;0;0;0;0;0;0;0;0;0;31,8;57,7;1;0;0;110;0;0;0;0,0;5883;0;0;0;
25.10.2025;20:25:56;11,6;11,5;0;31,7;8,0;16,6;8,0;0;0;0,0;8;57,7;57,7;26,0;0;8200;14,6;69,6;8,0;60,0;0;81,5;8,0;8,0;0,00;0,00;0;0;48,0;139,0;6000;0;99;1879048192;0;0;0;0;0;0;0;0;0;0;0;31,7;57,7;1;0;0;110;0;0;0;0,0;5883;0;0;0;
25.10.2025;20:26:56;11,6;11,5;0;31,8;8,0;16,5;8,0;0;0;0,0;8;57,7;57,7;26,0;0;8200;14,9;69,7;8,0;60,0;0;81,3;8,0;8,0;0,00;0,00;0;0;47,9;139,0;6000;0;99;1879048192;0;0;0;0;0;0;0;0;0;0;0;31,8;57,7;1;0;0;110;0;0;0;0,0;5883;0;0;0;
25.10.2025;20:27:56;11,6;11,5;0;31,8;8,0;16,6;8,0;0;0;0,0;8;57,7;57,7;26,0;0;8200;14,6;69,5;8,0;60,0;0;81,2;8,0;8,0;0,00;0,00;0;0;48,1;139,0;6000;0;99;1879048192;0;0;0;0;0;0;0;0;0;0;0;31,8;57,7;1;0;0;110;0;0;0;0,0;5883;0;0;0;
25.10.2025;20:28:56;11,6;11,4;0;31,8;8,0;16,5;8,0;0;0;0,0;8;57,6;57,6;26,0;0;8200;14,5;69,6;8,0;60,0;0;80,9;8,0;8,0;0,00;0,00;0;0;48,0;139,0;6000;0;99;1879048192;0;0;0;0;0;0;0;0;0;0;0;31,8;57,6;1;0;0;110;0;0;0;0,0;5883;0;0;0;
25.10.2025;20:29:56;11,6;11,4;0;31,8;8,0;16,5;8,0;0;0;0,0;8;57,6;57,6;26,0;0;8200;14,6;69,6;8,0;60,0;0;80,6;8,0;8,0;0,00;0,00;0;0;47,9;139,0;6000;0;99;1879048192;0;0;0;0;0;0;0;0;0;0;0;31,8;57,6;1;0;0;110;0;0;0;0,0;5883;0;0;0;
25.10.2025;20:30:56;11,6;11,4;0;31,8;8,0;16,6;8,0;0;0;0,0;8;57,6;57,6;26,0;0;8200;14,7;69,5;8,0;60,0;0;80,4;8,0;8,0;0,00;0,00;0;0;48,0;139,0;6000;0;99;1879048192;0;0;0;0;0;0;0;0;0;0;0;31,8;57,6;1;0;0;110;0;0;0;0,0;5883;0;0;0;
25.10.2025;20:31:56;11,6;11,4;0;31,8;8,0;16,5;8,0;0;0;0,0;8;57,5;57,5;26,0;0;8200;14,5;69,6;8,0;60,0;0;80,3;8,0;8,0;0,00;0,00;0;0;47,8;139,0;6000;0;99;1879048192;0;0;0;0;0;0;0;0;0;0;0;31,8;57,5;1;0;0;110;0;0;0;0,0;5883;0;0;0;
25.10.2025;20:32:56;11,6;11,4;0;31,8;8,0;16,5;8,0;0;0;0,0;8;57,5;57,5;26,0;0;8200;14,5;69,6;8,0;60,0;0;80,2;8,0;8,0;0,00;0,00;0;0;47,9;139,0;6000;0;99;1879048192;0;0;0;0;0;0;0;0;0;0;0;31,8;57,5;1;0;0;110;0;0;0;0,0;5883;0;0;0;
25.10.2025;20:33:56;11,6;11,3;0;31,8;8,0;16,5;8,0;0;0;0,0;8;57,5;57,5;26,0;0;8200;14,5;69,5;8,0;60,0;0;80,0;8,0;8,0;0,00;0,00;0;0;47,9;139,0;6000;0;99;1879048192;0;0;0;0;0;0;0;0;0;0;0;31,8;57,5;1;0;0;110;0;0;0;0,0;5883;0;0;0;
25.10.2025;20:34:56;11,5;11,4;0;31,8;8,0;16,5;8,0;0;0;0,0;8;57,5;57,5;26,0;0;8200;14,5;69,5;8,0;60,0;0;79,9;8,0;8,0;0,00;0,00;0;0;47,8;139,0;6000;0;99;1879048192;0;0;0;0;0;0;0;0;0;0;0;31,8;57,5;1;0;0;110;0;0;0;0,0;5883;0;0;0;
25.10.2025;20:35:56;11,5;11,3;0;31,8;8,0;16,5;8,0;0;0;0,0;8;57,4;57,4;26,0;0;8200;14,6;69,5;8,0;60,0;0;79,6;8,0;8,0;0,00;0,00;0;0;47,8;139,0;6000;0;99;1879048192;0;0;0;0;0;0;0;0;0;0;0;31,8;57,4;1;0;0;110;0;0;0;0,0;5883;0;0;0;
25.10.2025;20:36:56;11,5;11,3;0;31,8;8,0;16,5;8,0;0;0;0,0;8;57,5;57,5;26,0;0;8200;14,5;69,4;8,0;60,0;0;79,4;8,0;8,0;0,00;0,00;0;0;47,9;139,0;6000;0;99;1879048192;0;0;0;0;0;0;0;0;0;0;0;31,8;57,5;1;0;0;110;0;0;0;0,0;5883;0;0;0;
25.10.2025;20:37:56;11,5;11,3;0;31,8;8,0;16,5;8,0;0;0;0,0;8;57,4;57,4;26,0;0;8200;14,6;69,4;8,0;60,0;0;79,2;8,0;8,0;0,00;0,00;0;0;48,0;139,0;6000;0;99;1879048192;0;0;0;0;0;0;0;0;0;0;0;31,8;57,4;1;0;0;110;0;0;0;0,0;5883;0;0;0;
25.10.2025;20:38:56;11,5;11,3;0;31,8;8,0;16,5;8,0;0;0;0,0;8;57,4;57,4;26,0;0;8200;14,7;69,4;8,0;60,0;0;79,1;8,0;8,0;0,00;0,00;0;0;47,9;139,0;6000;0;99;1879048192;0;0;0;0;0;0;0;0;0;0;0;31,8;57,4;1;0;0;110;0;0;0;0,0;5883;0;0;0;
25.10.2025;20:39:56;11,5;11,3;0;31,8;8,0;16,5;8,0;0;0;0,0;8;57,4;57,4;26,0;0;8200;14,5;69,4;8,0;60,0;0;78,9;8,0;8,0;0,00;0,00;0;0;48,1;139,0;6000;0;99;1879048192;0;0;0;0;0;0;0;0;0;0;0;31,8;57,4;1;0;0;110;0;0;0;0,0;5883;0;0;0;
25.10.2025;20:40:56;11,5;11,3;0;31,8;8,0;16,6;8,0;0;0;0,0;8;57,3;57,3;26,0;0;8200;14,6;69,4;8,0;60,0;0;78,8;8,0;8,0;0,00;0,00;0;0;47,8;139,0;6000;0;99;1879048192;0;0;0;0;0;0;0;0;0;0;0;31,8;57,3;1;0;0;110;0;0;0;0,0;5883;0;0;0;
25.10.2025;20:41:56;11,5;11,3;0;31,8;8,0;16,6;8,0;0;0;0,0;8;57,4;57,4;26,0;0;8200;14,7;69,4;8,0;60,0;0;78,6;8,0;8,0;0,00;0,00;0;0;47,8;139,0;6000;0;99;1879048192;0;0;0;0;0;0;0;0;0;0;0;31,8;57,4;1;0;0;110;0;0;0;0,0;5883;0;0;0;
25.10.2025;20:42:56;11,5;11,3;0;31,8;8,0;16,6;8,0;0;0;0,0;8;57,3;57,3;26,0;0;8200;14,7;69,3;8,0;60,0;0;78,2;8,0;8,0;0,00;0,00;0;0;47,8;139,0;6000;0;99;1879048192;0;0;0;0;0;0;0;0;0;0;0;31,8;57,3;1;0;0;110;0;0;0;0,0;5883;0;0;0;
25.10.2025;20:43:56;11,5;11,3;0;31,8;8,0;16,6;8,0;0;0;0,0;8;57,3;57,3;26,0;0;8200;14,5;69,4;8,0;60,0;0;78,0;8,0;8,0;0,00;0,00;0;0;47,8;139,0;6000;0;99;1879048192;0;0;0;0;0;0;0;0;0;0;0;31,8;57,3;1;0;0;110;0;0;0;0,0;5883;0;0;0;
25.10.2025;20:44:56;11,5;11,3;0;31,8;8,0;16,6;8,0;0;0;0,0;8;57,3;57,3;26,0;0;8200;14,7;69,3;8,0;60,0;0;78,0;8,0;8,0;0,00;0,00;0;0;47,9;139,0;6000;0;99;1879048192;0;0;0;0;0;0;0;0;0;0;0;31,8;57,3;1;0;0;110;0;0;0;0,0;5883;0;0;0;
25.10.2025;20:45:56;11,5;11,3;0;31,8;8,0;16,6;8,0;0;0;0,0;8;57,3;57,3;26,0;0;8200;15,1;69,3;8,0;60,0;0;78,0;8,0;8,0;0,00;0,00;0;0;47,9;139,0;6000;0;99;1879048192;0;0;0;0;0;0;0;0;0;0;0;31,8;57,3;1;0;0;110;0;0;0;0,0;5883;0;0;0;
25.10.2025;20:46:56;11,5;11,3;0;31,8;8,0;16,6;8,0;0;0;0,0;8;57,2;57,2;26,0;0;8200;14,7;69,3;8,0;60,0;0;77,9;8,0;8,0;0,00;0,00;0;0;47,8;139,0;6000;0;99;1879048192;0;0;0;0;0;0;0;0;0;0;0;31,8;57,2;1;0;0;110;0;0;0;0,0;5883;0;0;0;
25.10.2025;20:47:56;11,5;11,2;0;31,8;8,0;16,6;8,0;0;0;0,0;8;57,2;57,2;26,0;0;8200;14,6;69,3;8,0;60,0;0;77,7;8,0;8,0;0,00;0,00;0;0;47,9;139,0;6000;0;99;1879048192;0;0;0;0;0;0;0;0;0;0;0;31,8;57,2;1;0;0;110;0;0;0;0,0;5883;0;0;0;
25.10.2025;20:48:56;11,5;11,2;0;31,8;8,0;16,6;8,0;0;0;0,0;8;57,2;57,2;26,0;0;8200;15,1;69,3;8,0;60,0;0;77,6;8,0;8,0;0,00;0,00;0;0;48,0;139,0;6000;0;99;1879048192;0;0;0;0;0;0;0;0;0;0;0;31,8;57,2;1;0;0;110;0;0;0;0,0;5883;0;0;0;
25.10.2025;20:49:56;11,5;11,2;0;31,8;8,0;16,6;8,0;0;0;0,0;8;57,2;57,2;26,0;0;8200;14,6;69,2;8,0;60,0;0;77,4;8,0;8,0;0,00;0,00;0;0;48,0;139,0;6000;0;99;1879048192;0;0;0;0;0;0;0;0;0;0;0;31,8;57,2;1;0;0;110;0;0;0;0,0;5883;0;0;0;
25.10.2025;20:50:56;11,5;11,2;0;31,8;8,0;16,6;8,0;0;0;0,0;8;57,2;57,2;26,0;0;8200;14,5;69,2;8,0;60,0;0;77,3;8,0;8,0;0,00;0,00;0;0;48,0;139,0;6000;0;99;1879048192;0;0;0;0;0;0;0;0;0;0;0;31,8;57,2;1;0;0;110;0;0;0;0,0;5883;0;0;0;
25.10.2025;20:51:56;11,4;11,2;0;31,8;8,0;16,6;8,0;0;0;0,0;8;57,1;57,1;26,0;0;8200;14,7;69,2;8,0;60,0;0;77,2;8,0;8,0;0,00;0,00;0;0;47,8;139,0;6000;0;99;1879048192;0;0;0;0;0;0;0;0;0;0;0;31,8;57,1;1;0;0;110;0;0;0;0,0;5883;0;0;0;
25.10.2025;20:52:56;11,4;11,1;0;31,8;8,0;16,6;8,0;0;0;0,0;8;57,1;57,1;26,0;0;8200;14,9;69,2;8,0;60,0;0;77,0;8,0;8,0;0,00;0,00;0;0;47,9;139,0;6000;0;99;1879048192;0;0;0;0;0;0;0;0;0;0;0;31,8;57,1;1;0;0;110;0;0;0;0,0;5883;0;0;0;
25.10.2025;20:53:56;11,4;11,2;0;31,8;8,0;16,6;8,0;0;0;0,0;8;57,1;57,1;26,0;0;8200;14,7;69,2;8,0;60,0;0;76,9;8,0;8,0;0,00;0,00;0;0;47,8;139,0;6000;0;99;1879048192;0;0;0;0;0;0;0;0;0;0;0;31,8;57,1;1;0;0;110;0;0;0;0,0;5883;0;0;0;
25.10.2025;20:54:56;11,4;11,1;0;31,8;8,0;16,6;8,0;0;0;0,0;8;57,1;57,1;26,0;0;8200;14,5;69,1;8,0;60,0;0;76,7;8,0;8,0;0,00;0,00;0;0;47,8;139,0;6000;0;99;1879048192;0;0;0;0;0;0;0;0;0;0;0;31,8;57,1;1;0;0;110;0;0;0;0,0;5883;0;0;0;
25.10.2025;20:55:56;11,4;11,1;0;31,8;8,0;16,6;8,0;0;0;0,0;8;57,0;57,0;26,0;0;8200;14,9;69,1;8,0;60,0;0;76,6;8,0;8,0;0,00;0,00;0;0;47,9;139,0;6000;0;99;1879048192;0;0;0;0;0;0;0;0;0;0;0;31,8;57,0;1;0;0;110;0;0;0;0,0;5883;0;0;0;
25.10.2025;20:56:56;11,4;11,1;0;31,8;8,0;16,6;8,0;0;0;0,0;8;57,0;57,0;26,0;0;8200;14,6;69,1;8,0;60,0;0;76,5;8,0;8,0;0,00;0,00;0;0;48,0;139,0;6000;0;99;1879048192;0;0;0;0;0;0;0;0;0;0;0;31,8;57,0;1;0;0;110;0;0;0;0,0;5883;0;0;0;
25.10.2025;20:57:56;11,4;11,1;0;31,8;8,0;16,6;8,0;0;0;0,0;8;57,0;57,0;26,0;0;8200;14,7;69,1;8,0;60,0;0;76,4;8,0;8,0;0,00;0,00;0;0;47,9;139,0;6000;0;99;1879048192;0;0;0;0;0;0;0;0;0;0;0;31,8;57,0;1;0;0;110;0;0;0;0,0;5883;0;0;0;
25.10.2025;20:58:56;11,4;11,0;0;31,8;8,0;16,6;8,0;0;0;0,0;8;56,9;56,9;26,0;0;8200;14,6;69,0;8,0;60,0;0;76,3;8,0;8,0;0,00;0,00;0;0;47,9;139,0;6000;0;99;1879048192;0;0;0;0;0;0;0;0;0;0;0;31,8;56,9;1;0;0;110;0;0;0;0,0;5883;0;0;0;
25.10.2025;20:59:56;11,4;11,0;0;31,8;8,0;16,6;8,0;0;0;0,0;8;56,9;56,9;26,0;0;8200;14,7;69,1;8,0;60,0;0;76,1;8,0;8,0;0,00;0,00;0;0;47,9;139,0;6000;0;99;1879048192;0;0;0;0;0;0;0;0;0;0;0;31,8;56,9;1;0;0;110;0;0;0;0,0;5883;0;0;0;
25.10.2025;21:00:56;11,4;11,0;0;31,8;8,0;16,6;8,0;0;0;0,0;8;56,9;56,9;26,0;0;8200;14,6;69,0;8,0;60,0;0;76,0;8,0;8,0;0,00;0,00;0;0;47,7;139,0;6000;0;99;1879048192;0;0;0;0;0;0;0;0;0;0;0;31,8;56,9;1;0;0;110;0;0;0;0,0;5883;0;0;0;
25.10.2025;21:01:56;11,3;11,0;0;31,8;8,0;16,7;8,0;0;0;0,0;8;56,9;56,9;26,0;0;8200;15,0;69,0;8,0;60,0;0;75,7;8,0;8,0;0,00;0,00;0;0;47,8;139,0;6000;0;99;1879048192;0;0;0;0;0;0;0;0;0;0;0;31,8;56,9;1;0;0;110;0;0;0;0,0;5883;0;0;0;
25.10.2025;21:02:56;11,3;11,0;0;31,8;8,0;16,7;8,0;0;0;0,0;8;56,9;56,9;26,0;0;8200;14,6;69,0;8,0;60,0;0;75,6;8,0;8,0;0,00;0,00;0;0;47,8;139,0;6000;0;99;1879048192;0;0;0;0;0;0;0;0;0;0;0;31,8;56,9;1;0;0;110;0;0;0;0,0;5883;0;0;0;
25.10.2025;21:03:56;11,3;11,0;0;31,8;8,0;16,7;8,0;0;0;0,0;8;56,9;56,9;26,0;0;8200;14,7;69,0;8,0;60,0;0;75,5;8,0;8,0;0,00;0,00;0;0;47,7;139,0;6000;0;99;1879048192;0;0;0;0;0;0;0;0;0;0;0;31,8;56,9;1;0;0;110;0;0;0;0,0;5883;0;0;0;
25.10.2025;21:04:56;11,3;11,0;0;31,8;8,0;16,7;8,0;0;0;0,0;8;56,8;56,8;26,0;0;8200;14,6;68,9;8,0;60,0;0;75,4;8,0;8,0;0,00;0,00;0;0;47,8;139,0;6000;0;99;1879048192;0;0;0;0;0;0;0;0;0;0;0;31,8;56,8;1;0;0;110;0;0;0;0,0;5883;0;0;0;
25.10.2025;21:05:56;11,3;11,0;0;31,8;8,0;16,6;8,0;0;0;0,0;8;56,8;56,8;26,0;0;8200;14,7;68,9;8,0;60,0;0;75,3;8,0;8,0;0,00;0,00;0;0;47,7;139,0;6000;0;99;1879048192;0;0;0;0;0;0;0;0;0;0;0;31,8;56,8;1;0;0;110;0;0;0;0,0;5883;0;0;0;
25.10.2025;21:06:56;11,3;11,0;0;31,8;8,0;16,6;8,0;0;0;0,0;8;56,8;56,8;26,0;0;8200;14,5;68,9;8,0;60,0;0;75,2;8,0;8,0;0,00;0,00;0;0;47,7;139,0;6000;0;99;1879048192;0;0;0;0;0;0;0;0;0;0;0;31,8;56,8;1;0;0;110;0;0;0;0,0;5883;0;0;0;
25.10.2025;21:07:56;11,3;11,0;0;31,8;8,0;16,6;8,0;0;0;0,0;8;56,8;56,8;26,0;0;8200;14,7;68,9;8,0;60,0;0;75,1;8,0;8,0;0,00;0,00;0;0;47,7;139,0;6000;0;99;1879048192;0;0;0;0;0;0;0;0;0;0;0;31,8;56,8;1;0;0;110;0;0;0;0,0;5883;0;0;0;
25.10.2025;21:08:56;11,3;10,9;0;31,8;8,0;16,6;8,0;0;0;0,0;8;56,8;56,8;26,0;0;8200;14,7;68,8;8,0;60,0;0;75,0;8,0;8,0;0,00;0,00;0;0;47,8;139,0;6000;0;99;1879048192;0;0;0;0;0;0;0;0;0;0;0;31,8;56,8;1;0;0;110;0;0;0;0,0;5883;0;0;0;
25.10.2025;21:09:56;11,3;11,0;0;31,8;8,0;16,6;8,0;0;0;0,0;8;56,8;56,8;26,0;0;8200;14,5;68,8;8,0;60,0;0;74,9;8,0;8,0;0,00;0,00;0;0;47,8;139,0;6000;0;99;1879048192;0;0;0;0;0;0;0;0;0;0;0;31,8;56,8;1;0;0;110;0;0;0;0,0;5883;0;0;0;
25.10.2025;21:10:56;11,3;11,0;0;31,7;8,0;16,6;8,0;0;0;0,0;8;56,7;56,7;26,0;0;8200;14,6;68,7;8,0;60,0;0;74,8;8,0;8,0;0,00;0,00;0;0;47,8;139,0;6000;0;99;1879048192;0;0;0;0;0;0;0;0;0;0;0;31,7;56,7;1;0;0;110;0;0;0;0,0;5883;0;0;0;
25.10.2025;21:11:56;11,2;10,9;0;31,8;8,0;16,6;8,0;0;0;0,0;8;56,7;56,7;26,0;0;8200;14,6;68,7;8,0;60,0;0;74,6;8,0;8,0;0,00;0,00;0;0;47,9;139,0;6000;0;99;1879048192;0;0;0;0;0;0;0;0;0;0;0;31,8;56,7;1;0;0;110;0;0;0;0,0;5883;0;0;0;
25.10.2025;21:12:56;11,2;10,9;0;31,7;8,0;16,7;8,0;0;0;0,0;8;56,7;56,7;26,0;0;8200;14,6;68,7;8,0;60,0;0;74,6;8,0;8,0;0,00;0,00;0;0;47,8;139,0;6000;0;99;1879048192;0;0;0;0;0;0;0;0;0;0;0;31,7;56,7;1;0;0;110;0;0;0;0,0;5883;0;0;0;
25.10.2025;21:13:56;11,2;11,0;0;31,7;8,0;16,7;8,0;0;0;0,0;8;56,7;56,7;26,0;0;8200;14,7;68,7;8,0;60,0;0;74,6;8,0;8,0;0,00;0,00;0;0;47,9;139,0;6000;0;99;1879048192;0;0;0;0;0;0;0;0;0;0;0;31,7;56,7;1;0;0;110;0;0;0;0,0;5883;0;0;0;
25.10.2025;21:14:56;11,2;10,9;0;31,7;8,0;16,6;8,0;0;0;0,0;8;56,7;56,7;26,0;0;8200;14,6;68,6;8,0;60,0;0;74,3;8,0;8,0;0,00;0,00;0;0;47,8;139,0;6000;0;99;1879048192;0;0;0;0;0;0;0;0;0;0;0;31,7;56,7;1;0;0;110;0;0;0;0,0;5883;0;0;0;
25.10.2025;21:15:56;11,2;10,9;0;31,7;8,0;16,6;8,0;0;0;0,0;8;56,6;56,6;26,0;0;8200;14,6;68,7;8,0;60,0;0;74,2;8,0;8,0;0,00;0,00;0;0;47,7;139,0;6000;0;99;1879048192;0;0;0;0;0;0;0;0;0;0;0;31,7;56,6;1;0;0;110;0;0;0;0,0;5883;0;0;0;
25.10.2025;21:16:56;11,2;10,9;0;31,7;8,0;16,6;8,0;0;0;0,0;8;56,6;56,6;26,0;0;8200;14,8;68,6;8,0;60,0;0;74,1;8,0;8,0;0,00;0,00;0;0;47,9;139,0;6000;0;99;1879048192;0;0;0;0;0;0;0;0;0;0;0;31,7;56,6;1;0;0;110;0;0;0;0,0;5883;0;0;0;
25.10.2025;21:17:56;11,2;10,9;0;31,7;8,0;16,7;8,0;0;0;0,0;8;56,6;56,6;26,0;0;8200;14,7;68,6;8,0;60,0;0;74,0;8,0;8,0;0,00;0,00;0;0;48,0;139,0;6000;0;99;1879048192;0;0;0;0;0;0;0;0;0;0;0;31,7;56,6;1;0;0;110;0;0;0;0,0;5883;0;0;0;
25.10.2025;21:18:56;11,2;10,9;0;31,7;8,0;16,7;8,0;0;0;0,0;8;56,6;56,6;26,0;0;8200;14,7;68,6;8,0;60,0;0;73,9;8,0;8,0;0,00;0,00;0;0;47,8;139,0;6000;0;99;1879048192;0;0;0;0;0;0;0;0;0;0;0;31,7;56,6;1;0;0;110;0;0;0;0,0;5883;0;0;0;
25.10.2025;21:19:56;11,1;11,0;0;31,7;8,0;16,7;8,0;0;0;0,0;8;56,6;56,6;26,0;0;8200;14,6;68,6;8,0;60,0;0;73,9;8,0;8,0;0,00;0,00;0;0;47,8;139,0;6000;0;99;1879048192;0;0;0;0;0;0;0;0;0;0;0;31,7;56,6;1;0;0;110;0;0;0;0,0;5883;0;0;0;
25.10.2025;21:20:56;11,1;11,0;0;31,7;8,0;16,7;8,0;0;0;0,0;8;56,6;56,6;26,0;0;8200;14,7;68,5;8,0;60,0;0;73,8;8,0;8,0;0,00;0,00;0;0;47,8;139,0;6000;0;99;1879048192;0;0;0;0;0;0;0;0;0;0;0;31,7;56,6;1;0;0;110;0;0;0;0,0;5883;0;0;0;
25.10.2025;21:21:56;11,1;10,9;0;31,7;8,0;16,7;8,0;0;0;0,0;8;56,5;56,5;26,0;0;8200;14,6;68,6;8,0;60,0;0;73,6;8,0;8,0;0,00;0,00;0;0;47,7;139,0;6000;0;99;1879048192;0;0;0;0;0;0;0;0;0;0;0;31,7;56,5;1;0;0;110;0;0;0;0,0;5883;0;0;0;
25.10.2025;21:22:56;11,1;10,9;0;31,7;8,0;16,6;8,0;0;0;0,0;8;56,5;56,5;26,0;0;8200;14,7;68,5;8,0;60,0;0;73,6;8,0;8,0;0,00;0,00;0;0;47,8;139,0;6000;0;99;1879048192;0;0;0;0;0;0;0;0;0;0;0;31,7;56,5;1;0;0;110;0;0;0;0,0;5883;0;0;0;
25.10.2025;21:23:56;11,1;10,9;0;31,7;8,0;16,6;8,0;0;0;0,0;8;56,5;56,5;26,0;0;8200;14,7;68,4;8,0;60,0;0;73,4;8,0;8,0;0,00;0,00;0;0;47,9;139,0;6000;0;99;1879048192;0;0;0;0;0;0;0;0;0;0;0;31,7;56,5;1;0;0;110;0;0;0;0,0;5883;0;0;0;
25.10.2025;21:24:56;11,1;10,9;0;31,7;8,0;16,6;8,0;0;0;0,0;8;56,5;56,5;26,0;0;8200;14,7;68,4;8,0;60,0;0;73,3;8,0;8,0;0,00;0,00;0;0;47,8;139,0;6000;0;99;1879048192;0;0;0;0;0;0;0;0;0;0;0;31,7;56,5;1;0;0;110;0;0;0;0,0;5883;0;0;0;
25.10.2025;21:25:56;11,1;10,9;0;31,7;8,0;16,6;8,0;0;0;0,0;8;56,5;56,5;26,0;0;8200;14,6;68,3;8,0;60,0;0;73,2;8,0;8,0;0,00;0,00;0;0;47,7;139,0;6000;0;99;1879048192;0;0;0;0;0;0;0;0;0;0;0;31,7;56,5;1;0;0;110;0;0;0;0,0;5883;0;0;0;
25.10.2025;21:26:56;11,1;10,9;0;31,7;8,0;16,6;8,0;0;0;0,0;8;56,4;56,4;26,0;0;8200;14,6;68,4;8,0;60,0;0;73,1;8,0;8,0;0,00;0,00;0;0;47,7;139,0;6000;0;99;1879048192;0;0;0;0;0;0;0;0;0;0;0;31,7;56,4;1;0;0;110;0;0;0;0,0;5883;0;0;0;
25.10.2025;21:27:56;11,1;10,9;0;31,7;8,0;16,6;8,0;0;0;0,0;8;56,4;56,4;26,0;0;8200;14,7;68,3;8,0;60,0;0;73,0;8,0;8,0;0,00;0,00;0;0;47,7;139,0;6000;0;99;1879048192;0;0;0;0;0;0;0;0;0;0;0;31,7;56,4;1;0;0;110;0;0;0;0,0;5883;0;0;0;
25.10.2025;21:28:56;11,1;10,9;0;31,7;8,0;16,6;8,0;0;0;0,0;8;56,4;56,4;26,0;0;8200;14,6;68,4;8,0;60,0;0;72,9;8,0;8,0;0,00;0,00;0;0;47,7;139,0;6000;0;99;1879048192;0;0;0;0;0;0;0;0;0;0;0;31,7;56,4;1;0;0;110;0;0;0;0,0;5883;0;0;0;
25.10.2025;21:29:56;11,0;10,9;0;31,7;8,0;16,7;8,0;0;0;0,0;8;56,4;56,4;26,0;0;8200;14,7;68,3;8,0;60,0;0;72,8;8,0;8,0;0,00;0,00;0;0;47,7;139,0;6000;0;99;1879048192;0;0;0;0;0;0;0;0;0;0;0;31,7;56,4;1;0;0;110;0;0;0;0,0;5883;0;0;0;
25.10.2025;21:30:56;11,0;10,9;0;31,7;8,0;16,7;8,0;0;0;0,0;8;56,4;56,4;26,0;0;8200;14,6;68,2;8,0;60,0;0;72,7;8,0;8,0;0,00;0,00;0;0;47,8;139,0;6000;0;99;1879048192;0;0;0;0;0;0;0;0;0;0;0;31,7;56,4;1;0;0;110;0;0;0;0,0;5883;0;0;0;
25.10.2025;21:31:56;11,0;10,9;0;31,7;8,0;16,7;8,0;0;0;0,0;8;56,3;56,3;26,0;0;8200;14,7;68,3;8,0;60,0;0;72,7;8,0;8,0;0,00;0,00;0;0;47,7;139,0;6000;0;99;1879048192;0;0;0;0;0;0;0;0;0;0;0;31,7;56,3;1;0;0;110;0;0;0;0,0;5883;0;0;0;
25.10.2025;21:32:56;11,0;10,9;0;31,7;8,0;16,7;8,0;0;0;0,0;8;56,3;56,3;26,0;0;8200;14,9;68,3;8,0;60,0;0;72,7;8,0;8,0;0,00;0,00;0;0;47,7;139,0;6000;0;99;1879048192;0;0;0;0;0;0;0;0;0;0;0;31,7;56,3;1;0;0;110;0;0;0;0,0;5883;0;0;0;
25.10.2025;21:33:56;11,0;10,9;0;31,6;8,0;16,7;8,0;0;0;0,0;8;56,3;56,3;26,0;0;8200;14,6;68,2;8,0;60,0;0;72,7;8,0;8,0;0,00;0,00;0;0;47,7;139,0;6000;0;99;1879048192;0;0;0;0;0;0;0;0;0;0;0;31,6;56,3;1;0;0;110;0;0;0;0,0;5883;0;0;0;
25.10.2025;21:34:56;11,0;10,9;0;31,7;8,0;16,7;8,0;0;0;0,0;8;56,3;56,3;26,0;0;8200;15,0;68,2;8,0;60,0;0;72,5;8,0;8,0;0,00;0,00;0;0;47,7;139,0;6000;0;99;1879048192;0;0;0;0;0;0;0;0;0;0;0;31,7;56,3;1;0;0;110;0;0;0;0,0;5883;0;0;0;
25.10.2025;21:35:56;11,0;10,9;0;31,6;8,0;16,7;8,0;0;0;0,0;8;56,3;56,3;26,0;0;8200;14,7;68,1;8,0;60,0;0;72,4;8,0;8,0;0,00;0,00;0;0;47,8;139,0;6000;0;99;1879048192;0;0;0;0;0;0;0;0;0;0;0;31,6;56,3;1;0;0;110;0;0;0;0,0;5883;0;0;0;
25.10.2025;21:36:56;11,0;10,9;0;31,7;8,0;16,8;8,0;0;0;0,0;8;56,3;56,3;26,0;0;8200;14,7;68,1;8,0;60,0;0;72,3;8,0;8,0;0,00;0,00;0;0;47,8;139,0;6000;0;99;1879048192;0;0;0;0;0;0;0;0;0;0;0;31,7;56,3;1;0;0;110;0;0;0;0,0;5883;0;0;0;
25.10.2025;21:37:56;11,0;10,9;0;31,6;8,0;16,7;8,0;0;0;0,0;8;56,2;56,2;26,0;0;8200;14,7;68,1;8,0;60,0;0;72,2;8,0;8,0;0,00;0,00;0;0;48,0;139,0;6000;0;99;1879048192;0;0;0;0;0;0;0;0;0;0;0;31,6;56,2;1;0;0;110;0;0;0;0,0;5883;0;0;0;
25.10.2025;21:38:56;11,0;10,9;0;31,6;8,0;16,7;8,0;0;0;0,0;8;56,2;56,2;26,0;0;8200;14,7;68,1;8,0;60,0;0;72,1;8,0;8,0;0,00;0,00;0;0;47,7;139,0;6000;0;99;1879048192;0;0;0;0;0;0;0;0;0;0;0;31,6;56,2;1;0;0;110;0;0;0;0,0;5883;0;0;0;
25.10.2025;21:39:56;11,0;10,9;0;31,7;8,0;16,8;8,0;0;0;0,0;8;56,3;56,3;26,0;0;8200;14,7;68,0;8,0;60,0;0;71,9;8,0;8,0;0,00;0,00;0;0;47,9;139,0;6000;0;99;1879048192;0;0;0;0;0;0;0;0;0;0;0;31,7;56,3;1;0;0;110;0;0;0;0,0;5883;0;0;0;
25.10.2025;21:40:56;11,0;10,9;0;31,6;8,0;16,7;8,0;0;0;0,0;8;56,2;56,2;26,0;0;8200;14,7;68,1;8,0;60,0;0;71,8;8,0;8,0;0,00;0,00;0;0;47,9;139,0;6000;0;99;1879048192;0;0;0;0;0;0;0;0;0;0;0;31,6;56,2;1;0;0;110;0;0;0;0,0;5883;0;0;0;
25.10.2025;21:41:56;11,0;10,9;0;31,6;8,0;16,7;8,0;0;0;0,0;8;56,2;56,2;26,0;0;8200;14,7;68,0;8,0;60,0;0;71,8;8,0;8,0;0,00;0,00;0;0;47,7;139,0;6000;0;99;1879048192;0;0;0;0;0;0;0;0;0;0;0;31,6;56,2;1;0;0;110;0;0;0;0,0;5883;0;0;0;
25.10.2025;21:42:56;11,0;10,9;0;31,6;8,0;16,7;8,0;0;0;0,0;8;56,2;56,2;26,0;0;8200;14,7;67,9;8,0;60,0;0;71,7;8,0;8,0;0,00;0,00;0;0;47,8;139,0;6000;0;99;1879048192;0;0;0;0;0;0;0;0;0;0;0;31,6;56,2;1;0;0;110;0;0;0;0,0;5883;0;0;0;
25.10.2025;21:43:56;10,9;10,8;0;31,6;8,0;16,7;8,0;0;0;0,0;8;56,1;56,1;26,0;0;8200;14,7;67,9;8,0;60,0;0;71,7;8,0;8,0;0,00;0,00;0;0;47,8;139,0;6000;0;99;1879048192;0;0;0;0;0;0;0;0;0;0;0;31,6;56,1;1;0;0;110;0;0;0;0,0;5883;0;0;0;
25.10.2025;21:44:56;10,9;10,8;0;31,6;8,0;16,6;8,0;0;0;0,0;8;56,1;56,1;26,0;0;8200;14,7;67,9;8,0;60,0;0;71,5;8,0;8,0;0,00;0,00;0;0;48,0;139,0;6000;0;99;1879048192;0;0;0;0;0;0;0;0;0;0;0;31,6;56,1;1;0;0;110;0;0;0;0,0;5883;0;0;0;
25.10.2025;21:45:56;10,9;10,8;0;31,6;8,0;16,7;8,0;0;0;0,0;8;56,2;56,2;26,0;0;8200;14,7;67,9;8,0;60,0;0;71,5;8,0;8,0;0,00;0,00;0;0;47,8;139,0;6000;0;99;1879048192;0;0;0;0;0;0;0;0;0;0;0;31,6;56,2;1;0;0;110;0;0;0;0,0;5883;0;0;0;
25.10.2025;21:46:56;10,9;10,8;0;31,6;8,0;16,7;8,0;0;0;0,0;8;56,1;56,1;26,0;0;8200;14,7;67,9;8,0;60,0;0;71,4;8,0;8,0;0,00;0,00;0;0;47,7;139,0;6000;0;99;1879048192;0;0;0;0;0;0;0;0;0;0;0;31,6;56,1;1;0;0;110;0;0;0;0,0;5883;0;0;0;
25.10.2025;21:47:56;10,9;10,8;0;31,6;8,0;16,7;8,0;0;0;0,0;8;56,1;56,1;26,0;0;8200;14,7;67,8;8,0;60,0;0;71,4;8,0;8,0;0,00;0,00;0;0;47,7;139,0;6000;0;99;1879048192;0;0;0;0;0;0;0;0;0;0;0;31,6;56,1;1;0;0;110;0;0;0;0,0;5883;0;0;0;
25.10.2025;21:48:56;10,9;10,8;0;31,6;8,0;16,7;8,0;0;0;0,0;8;56,1;56,1;26,0;0;8200;14,7;67,8;8,0;60,0;0;71,3;8,0;8,0;0,00;0,00;0;0;47,8;139,0;6000;0;99;1879048192;0;0;0;0;0;0;0;0;0;0;0;31,6;56,1;1;0;0;110;0;0;0;0,0;5883;0;0;0;
25.10.2025;21:49:56;10,9;10,8;0;31,6;8,0;16,6;8,0;0;0;0,0;8;56,0;56,0;26,0;0;8200;14,6;67,8;8,0;60,0;0;71,2;8,0;8,0;0,00;0,00;0;0;47,9;139,0;6000;0;99;1879048192;0;0;0;0;0;0;0;0;0;0;0;31,6;56,0;1;0;0;110;0;0;0;0,0;5883;0;0;0;
25.10.2025;21:50:56;10,9;10,7;0;31,6;8,0;16,6;8,0;0;0;0,0;8;56,0;56,0;26,0;0;8200;14,6;67,7;8,0;60,0;0;71,1;8,0;8,0;0,00;0,00;0;0;47,8;139,0;6000;0;99;1879048192;0;0;0;0;0;0;0;0;0;0;0;31,6;56,0;1;0;0;110;0;0;0;0,0;5883;0;0;0;
25.10.2025;21:51:56;10,9;10,7;0;31,6;8,0;16,6;8,0;0;0;0,0;8;56,0;56,0;26,0;0;8200;14,7;67,7;8,0;60,0;0;71,0;8,0;8,0;0,00;0,00;0;0;47,7;139,0;6000;0;99;1879048192;0;0;0;0;0;0;0;0;0;0;0;31,6;56,0;1;0;0;110;0;0;0;0,0;5883;0;0;0;
25.10.2025;21:52:56;10,9;10,7;0;31,6;8,0;16,6;8,0;0;0;0,0;8;56,0;56,0;26,0;0;8200;14,6;67,7;8,0;60,0;0;70,9;8,0;8,0;0,00;0,00;0;0;47,7;139,0;6000;0;99;1879048192;0;0;0;0;0;0;0;0;0;0;0;31,6;56,0;1;0;0;110;0;0;0;0,0;5883;0;0;0;
25.10.2025;21:53:56;10,9;10,7;0;31,6;8,0;16,6;8,0;0;0;0,0;8;56,0;56,0;26,0;0;8200;14,7;67,7;8,0;60,0;0;70,8;8,0;8,0;0,00;0,00;0;0;48,1;139,0;6000;0;99;1879048192;0;0;0;0;0;0;0;0;0;0;0;31,6;56,0;1;0;0;110;0;0;0;0,0;5883;0;0;0;
25.10.2025;21:54:56;10,9;10,7;0;31,6;8,0;16,6;8,0;0;0;0,0;8;56,0;56,0;26,0;0;8200;14,7;67,6;8,0;60,0;0;70,7;8,0;8,0;0,00;0,00;0;0;47,8;139,0;6000;0;99;1879048192;0;0;0;0;0;0;0;0;0;0;0;31,6;56,0;1;0;0;110;0;0;0;0,0;5883;0;0;0;
25.10.2025;21:55:56;10,9;10,7;0;31,5;8,0;16,6;8,0;0;0;0,0;8;55,9;55,9;26,0;0;8200;14,7;67,6;8,0;60,0;0;70,6;8,0;8,0;0,00;0,00;0;0;48,0;139,0;6000;0;99;1879048192;0;0;0;0;0;0;0;0;0;0;0;31,5;55,9;1;0;0;110;0;0;0;0,0;5883;0;0;0;
25.10.2025;21:56:56;10,9;10,7;0;31,5;8,0;16,6;8,0;0;0;0,0;8;55,9;55,9;26,0;0;8200;14,7;67,5;8,0;60,0;0;70,5;8,0;8,0;0,00;0,00;0;0;47,8;139,0;6000;0;99;1879048192;0;0;0;0;0;0;0;0;0;0;0;31,5;55,9;1;0;0;110;0;0;0;0,0;5883;0;0;0;
25.10.2025;21:57:56;10,8;10,7;0;31,6;8,0;16,6;8,0;0;0;0,0;8;55,9;55,9;26,0;0;8200;14,6;67,5;8,0;60,0;0;70,4;8,0;8,0;0,00;0,00;0;0;47,8;139,0;6000;0;99;1879048192;0;0;0;0;0;0;0;0;0;0;0;31,6;55,9;1;0;0;110;0;0;0;0,0;5883;0;0;0;
25.10.2025;21:58:56;10,8;10,7;0;31,6;8,0;16,6;8,0;0;0;0,0;8;55,9;55,9;26,0;0;8200;14,7;67,5;8,0;60,0;0;70,4;8,0;8,0;0,00;0,00;0;0;47,7;139,0;6000;0;99;1879048192;0;0;0;0;0;0;0;0;0;0;0;31,6;55,9;1;0;0;110;0;0;0;0,0;5883;0;0;0;
25.10.2025;21:59:56;10,8;10,7;0;31,6;8,0;16,7;8,0;0;0;0,0;8;55,9;55,9;26,0;0;8200;14,7;67,5;8,0;60,0;0;70,4;8,0;8,0;0,00;0,00;0;0;47,7;139,0;6000;0;99;1879048192;0;0;0;0;0;0;0;0;0;0;0;31,6;55,9;1;0;0;110;0;0;0;0,0;5883;0;0;0;
25.10.2025;22:00:56;10,8;10,7;0;31,5;8,0;16,6;8,0;0;0;0,0;8;55,9;55,9;26,0;0;8200;14,6;67,5;8,0;60,0;0;70,3;8,0;8,0;0,00;0,00;0;0;47,7;139,0;6000;0;99;1879048192;0;0;0;0;0;0;0;0;0;0;0;31,5;55,9;1;0;0;110;0;0;0;0,0;5883;0;0;0;
25.10.2025;22:01:56;10,8;10,6;0;31,5;8,0;16,6;8,0;0;0;0,0;8;55,9;55,9;26,0;0;8200;14,7;67,5;8,0;60,0;0;70,3;8,0;8,0;0,00;0,00;0;0;47,7;139,0;6000;0;99;1879048192;0;0;0;0;0;0;0;0;0;0;0;31,5;55,9;1;0;0;110;0;0;0;0,0;5883;0;0;0;
25.10.2025;22:02:56;10,8;10,6;0;31,5;8,0;16,6;8,0;0;0;0,0;8;55,9;55,9;26,0;0;8200;14,7;67,4;8,0;60,0;0;70,2;8,0;8,0;0,00;0,00;0;0;47,7;139,0;6000;0;99;1879048192;0;0;0;0;0;0;0;0;0;0;0;31,5;55,9;1;0;0;110;0;0;0;0,0;5883;0;0;0;
25.10.2025;22:03:56;10,8;10,6;0;31,5;8,0;16,6;8,0;0;0;0,0;8;55,8;55,8;26,0;0;8200;14,7;67,4;8,0;60,0;0;70,1;8,0;8,0;0,00;0,00;0;0;47,7;139,0;6000;0;99;1879048192;0;0;0;0;0;0;0;0;0;0;0;31,5;55,8;1;0;0;110;0;0;0;0,0;5883;0;0;0;
25.10.2025;22:04:56;10,8;10,6;0;31,5;8,0;16,6;8,0;0;0;0,0;8;55,8;55,8;26,0;0;8200;14,7;67,3;8,0;60,0;0;70,0;8,0;8,0;0,00;0,00;0;0;47,8;139,0;6000;0;99;1879048192;0;0;0;0;0;0;0;0;0;0;0;31,5;55,8;1;0;0;110;0;0;0;0,0;5883;0;0;0;
25.10.2025;22:05:56;10,8;10,6;0;31,5;8,0;16,6;8,0;0;0;0,0;8;55,8;55,8;26,0;0;8200;14,7;67,3;8,0;60,0;0;70,1;8,0;8,0;0,00;0,00;0;0;47,8;139,0;6000;0;99;1879048192;0;0;0;0;0;0;0;0;0;0;0;31,5;55,8;1;0;0;110;0;0;0;0,0;5883;0;0;0;
25.10.2025;22:06:56;10,8;10,6;0;31,5;8,0;16,6;8,0;0;0;0,0;8;55,8;55,8;26,0;0;8200;14,7;67,3;8,0;60,0;0;70,0;8,0;8,0;0,00;0,00;0;0;47,7;139,0;6000;0;99;1879048192;0;0;0;0;0;0;0;0;0;0;0;31,5;55,8;1;0;0;110;0;0;0;0,0;5883;0;0;0;
25.10.2025;22:07:56;10,8;10,6;0;31,5;8,0;16,7;8,0;0;0;0,0;8;55,8;55,8;26,0;0;8200;14,6;67,3;8,0;60,0;0;70,0;8,0;8,0;0,00;0,00;0;0;47,7;139,0;6000;0;99;1879048192;0;0;0;0;0;0;0;0;0;0;0;31,5;55,8;1;0;0;110;0;0;0;0,0;5883;0;0;0;
25.10.2025;22:08:56;10,8;10,6;0;31,5;8,0;16,7;8,0;0;0;0,0;8;55,8;55,8;26,0;0;8200;14,7;67,2;8,0;60,0;0;69,9;8,0;8,0;0,00;0,00;0;0;47,9;139,0;6000;0;99;1879048192;0;0;0;0;0;0;0;0;0;0;0;31,5;55,8;1;0;0;110;0;0;0;0,0;5883;0;0;0;
25.10.2025;22:09:56;10,8;10,6;0;31,5;8,0;16,7;8,0;0;0;0,0;8;55,7;55,7;26,0;0;8200;14,7;67,2;8,0;60,0;0;69,8;8,0;8,0;0,00;0,00;0;0;47,7;139,0;6000;0;99;1879048192;0;0;0;0;0;0;0;0;0;0;0;31,5;55,7;1;0;0;110;0;0;0;0,0;5883;0;0;0;
25.10.2025;22:10:56;10,8;10,6;0;31,5;8,0;16,7;8,0;0;0;0,0;8;55,7;55,7;26,0;0;8200;14,7;67,2;8,0;60,0;0;69,8;8,0;8,0;0,00;0,00;0;0;47,7;139,0;6000;0;99;1879048192;0;0;0;0;0;0;0;0;0;0;0;31,5;55,7;1;0;0;110;0;0;0;0,0;5883;0;0;0;
25.10.2025;22:11:56;10,8;10,6;0;31,5;8,0;16,7;8,0;0;0;0,0;8;55,7;55,7;26,0;0;8200;14,6;67,2;8,0;60,0;0;69,7;8,0;8,0;0,00;0,00;0;0;47,7;139,0;6000;0;99;1879048192;0;0;0;0;0;0;0;0;0;0;0;31,5;55,7;1;0;0;110;0;0;0;0,0;5883;0;0;0;
25.10.2025;22:12:56;10,8;10,6;0;31,5;8,0;16,6;8,0;0;0;0,0;8;55,7;55,7;26,0;0;8200;14,6;67,1;8,0;60,0;0;69,6;8,0;8,0;0,00;0,00;0;0;47,9;139,0;6000;0;99;1879048192;0;0;0;0;0;0;0;0;0;0;0;31,5;55,7;1;0;0;110;0;0;0;0,0;5883;0;0;0;
25.10.2025;22:13:56;10,7;10,5;0;31,5;8,0;16,6;8,0;0;0;0,0;8;55,7;55,7;26,0;0;8200;14,6;67,1;8,0;60,0;0;69,5;8,0;8,0;0,00;0,00;0;0;47,7;139,0;6000;0;99;1879048192;0;0;0;0;0;0;0;0;0;0;0;31,5;55,7;1;0;0;110;0;0;0;0,0;5883;0;0;0;
25.10.2025;22:14:56;10,7;10,6;0;31,5;8,0;16,6;8,0;0;0;0,0;8;55,7;55,7;26,0;0;8200;14,5;67,0;8,0;60,0;0;69,4;8,0;8,0;0,00;0,00;0;0;48,0;139,0;6000;0;99;1879048192;0;0;0;0;0;0;0;0;0;0;0;31,5;55,7;1;0;0;110;0;0;0;0,0;5883;0;0;0;
25.10.2025;22:15:56;10,7;10,6;0;31,5;8,0;16,7;8,0;0;0;0,0;8;55,7;55,7;26,0;0;8200;14,6;67,0;8,0;60,0;0;69,3;8,0;8,0;0,00;0,00;0;0;47,8;139,0;6000;0;99;1879048192;0;0;0;0;0;0;0;0;0;0;0;31,5;55,7;1;0;0;110;0;0;0;0,0;5883;0;0;0;
25.10.2025;22:16:56;10,7;10,6;0;31,5;8,0;16,7;8,0;0;0;0,0;8;55,6;55,6;26,0;0;8200;14,7;67,0;8,0;60,0;0;69,2;8,0;8,0;0,00;0,00;0;0;47,9;139,0;6000;0;99;1879048192;0;0;0;0;0;0;0;0;0;0;0;31,5;55,6;1;0;0;110;0;0;0;0,0;5883;0;0;0;
25.10.2025;22:17:56;10,7;10,5;0;31,5;8,0;16,7;8,0;0;0;0,0;8;55,7;55,7;26,0;0;8200;14,7;67,0;8,0;60,0;0;69,2;8,0;8,0;0,00;0,00;0;0;48,0;139,0;6000;0;99;1879048192;0;0;0;0;0;0;0;0;0;0;0;31,5;55,7;1;0;0;110;0;0;0;0,0;5883;0;0;0;
25.10.2025;22:18:56;10,7;10,5;0;31,5;8,0;16,7;8,0;0;0;0,0;8;55,6;55,6;26,0;0;8200;14,7;66,9;8,0;60,0;0;69,1;8,0;8,0;0,00;0,00;0;0;47,8;139,0;6000;0;99;1879048192;0;0;0;0;0;0;0;0;0;0;0;31,5;55,6;1;0;0;110;0;0;0;0,0;5883;0;0;0;
25.10.2025;22:19:56;10,7;10,6;0;31,4;8,0;16,7;8,0;0;0;0,0;8;55,6;55,6;26,0;0;8200;14,9;66,9;8,0;60,0;0;69,1;8,0;8,0;0,00;0,00;0;0;47,7;139,0;6000;0;99;1879048192;0;0;0;0;0;0;0;0;0;0;0;31,4;55,6;1;0;0;110;0;0;0;0,0;5883;0;0;0;
25.10.2025;22:20:56;10,7;10,6;0;31,4;8,0;16,7;8,0;0;0;0,0;8;55,6;55,6;26,0;0;8200;14,8;66,9;8,0;60,0;0;69,0;8,0;8,0;0,00;0,00;0;0;47,9;139,0;6000;0;99;1879048192;0;0;0;0;0;0;0;0;0;0;0;31,4;55,6;1;0;0;110;0;0;0;0,0;5883;0;0;0;
25.10.2025;22:21:56;10,7;10,6;0;31,5;8,0;16,7;8,0;0;0;0,0;8;55,6;55,6;26,0;0;8200;14,8;66,8;8,0;60,0;0;69,0;8,0;8,0;0,00;0,00;0;0;48,1;139,0;6000;0;99;1879048192;0;0;0;0;0;0;0;0;0;0;0;31,5;55,6;1;0;0;110;0;0;0;0,0;5883;0;0;0;
25.10.2025;22:22:56;10,7;10,6;0;31,4;8,0;16,7;8,0;0;0;0,0;8;55,5;55,5;26,0;0;8200;14,7;66,9;8,0;60,0;0;68,8;8,0;8,0;0,00;0,00;0;0;47,7;139,0;6000;0;99;1879048192;0;0;0;0;0;0;0;0;0;0;0;31,4;55,5;1;0;0;110;0;0;0;0,0;5883;0;0;0;
25.10.2025;22:23:56;10,7;10,6;0;31,4;8,0;16,6;8,0;0;0;0,0;8;55,6;55,6;26,0;0;8200;14,7;66,8;8,0;60,0;0;68,9;8,0;8,0;0,00;0,00;0;0;48,4;139,0;6000;0;99;1879048192;0;0;0;0;0;0;0;0;0;0;0;31,4;55,6;1;0;0;110;0;0;0;0,0;5883;0;0;0;
25.10.2025;22:24:56;10,7;10,6;0;31,4;8,0;16,6;8,0;0;0;0,0;8;55,6;55,6;26,0;0;8200;14,8;66,8;8,0;60,0;0;68,8;8,0;8,0;0,00;0,00;0;0;47,8;139,0;6000;0;99;1879048192;0;0;0;0;0;0;0;0;0;0;0;31,4;55,6;1;0;0;110;0;0;0;0,0;5883;0;0;0;
25.10.2025;22:25:56;10,7;10,6;0;31,4;8,0;16,6;8,0;0;0;0,0;8;55,5;55,5;26,0;0;8200;14,7;66,7;8,0;60,0;0;68,7;8,0;8,0;0,00;0,00;0;0;47,8;139,0;6000;0;99;1879048192;0;0;0;0;0;0;0;0;0;0;0;31,4;55,5;1;0;0;110;0;0;0;0,0;5883;0;0;0;
25.10.2025;22:26:56;10,7;10,6;0;31,4;8,0;16,6;8,0;0;0;0,0;8;55,5;55,5;26,0;0;8200;14,7;66,7;8,0;60,0;0;68,8;8,0;8,0;0,00;0,00;0;0;47,7;139,0;6000;0;99;1879048192;0;0;0;0;0;0;0;0;0;0;0;31,4;55,5;1;0;0;110;0;0;0;0,0;5883;0;0;0;
25.10.2025;22:27:56;10,7;10,6;0;31,4;8,0;16,6;8,0;0;0;0,0;8;55,5;55,5;26,0;0;8200;14,7;66,7;8,0;60,0;0;68,6;8,0;8,0;0,00;0,00;0;0;47,8;139,0;6000;0;99;1879048192;0;0;0;0;0;0;0;0;0;0;0;31,4;55,5;1;0;0;110;0;0;0;0,0;5883;0;0;0;
25.10.2025;22:28:56;10,7;10,6;0;31,4;8,0;16,7;8,0;0;0;0,0;8;55,5;55,5;26,0;0;8200;14,7;66,7;8,0;60,0;0;68,5;8,0;8,0;0,00;0,00;0;0;47,7;139,0;6000;0;99;1879048192;0;0;0;0;0;0;0;0;0;0;0;31,4;55,5;1;0;0;110;0;0;0;0,0;5883;0;0;0;
25.10.2025;22:29:56;10,7;10,6;0;31,4;8,0;16,7;8,0;0;0;0,0;8;55,4;55,4;26,0;0;8200;14,7;66,7;8,0;60,0;0;68,5;8,0;8,0;0,00;0,00;0;0;47,7;139,0;6000;0;99;1879048192;0;0;0;0;0;0;0;0;0;0;0;31,4;55,4;1;0;0;110;0;0;0;0,0;5883;0;0;0;
25.10.2025;22:30:56;10,7;10,6;0;31,4;8,0;16,7;8,0;0;0;0,0;8;55,5;55,5;26,0;0;8200;14,7;66,6;8,0;60,0;0;68,4;8,0;8,0;0,00;0,00;0;0;47,8;139,0;6000;0;99;1879048192;0;0;0;0;0;0;0;0;0;0;0;31,4;55,5;1;0;0;110;0;0;0;0,0;5883;0;0;0;
25.10.2025;22:31:56;10,6;10,6;0;31,4;8,0;16,7;8,0;0;0;0,0;8;55,4;55,4;26,0;0;8200;14,7;66,6;8,0;60,0;0;68,4;8,0;8,0;0,00;0,00;0;0;47,8;139,0;6000;0;99;1879048192;0;0;0;0;0;0;0;0;0;0;0;31,4;55,4;1;0;0;110;0;0;0;0,0;5883;0;0;0;
25.10.2025;22:32:56;10,6;10,6;0;31,4;8,0;16,7;8,0;0;0;0,0;8;55,4;55,4;26,0;0;8200;14,7;66,5;8,0;60,0;0;68,3;8,0;8,0;0,00;0,00;0;0;47,8;139,0;6000;0;99;1879048192;0;0;0;0;0;0;0;0;0;0;0;31,4;55,4;1;0;0;110;0;0;0;0,0;5883;0;0;0;
25.10.2025;22:33:56;10,6;10,5;0;31,4;8,0;16,7;8,0;0;0;0,0;8;55,4;55,4;26,0;0;8200;14,7;66,4;8,0;60,0;0;68,4;8,0;8,0;0,00;0,00;0;0;47,8;139,0;6000;0;99;1879048192;0;0;0;0;0;0;0;0;0;0;0;31,4;55,4;1;0;0;110;0;0;0;0,0;5883;0;0;0;
25.10.2025;22:34:56;10,6;10,6;0;31,4;8,0;16,8;8,0;0;0;0,0;8;55,4;55,4;26,0;0;8200;14,9;66,4;8,0;60,0;0;68,4;8,0;8,0;0,00;0,00;0;0;47,7;139,0;6000;0;99;1879048192;0;0;0;0;0;0;0;0;0;0;0;31,4;55,4;1;0;0;110;0;0;0;0,0;5883;0;0;0;
25.10.2025;22:35:56;10,6;10,5;0;31,4;8,0;16,7;8,0;0;0;0,0;8;55,3;55,3;26,0;0;8200;14,7;66,5;8,0;60,0;0;68,0;8,0;8,0;0,00;0,00;0;0;47,6;139,0;6000;0;99;1879048192;0;0;0;0;0;0;0;0;0;0;0;31,4;55,3;1;0;0;110;0;0;0;0,0;5883;0;0;0;
25.10.2025;22:36:56;10,6;10,4;0;31,3;8,0;16,7;8,0;0;0;0,0;8;55,2;55,2;26,0;0;8200;14,7;66,4;8,0;60,0;0;68,0;8,0;8,0;0,00;0,00;0;0;47,6;139,0;6000;0;99;1879048192;0;0;0;0;0;0;0;0;0;0;0;31,3;55,2;1;0;0;110;0;0;0;0,0;5883;0;0;0;
25.10.2025;22:37:56;10,6;10,5;0;31,3;8,0;16,7;8,0;0;0;0,0;8;55,3;55,3;26,0;0;8200;14,7;66,4;8,0;60,0;0;68,0;8,0;8,0;0,00;0,00;0;0;47,6;139,0;6000;0;99;1879048192;0;0;0;0;0;0;0;0;0;0;0;31,3;55,3;1;0;0;110;0;0;0;0,0;5883;0;0;0;
25.10.2025;22:38:56;10,6;10,5;0;31,3;8,0;16,7;8,0;0;0;0,0;8;55,3;55,3;26,0;0;8200;14,7;66,3;8,0;60,0;0;67,9;8,0;8,0;0,00;0,00;0;0;47,7;139,0;6000;0;99;1879048192;0;0;0;0;0;0;0;0;0;0;0;31,3;55,3;1;0;0;110;0;0;0;0,0;5883;0;0;0;
25.10.2025;22:39:56;10,6;10,6;0;31,4;8,0;16,6;8,0;0;0;0,0;8;55,4;55,4;26,0;0;8200;14,7;66,4;8,0;60,0;0;67,9;8,0;8,0;0,00;0,00;0;0;47,7;139,0;6000;0;99;1879048192;0;0;0;0;0;0;0;0;0;0;0;31,4;55,4;1;0;0;110;0;0;0;0,0;5883;0;0;0;
25.10.2025;22:40:56;10,6;10,5;0;31,3;8,0;16,6;8,0;0;0;0,0;8;55,3;55,3;26,0;0;8200;14,7;66,3;8,0;60,0;0;67,8;8,0;8,0;0,00;0,00;0;0;47,6;139,0;6000;0;99;1879048192;0;0;0;0;0;0;0;0;0;0;0;31,3;55,3;1;0;0;110;0;0;0;0,0;5883;0;0;0;
25.10.2025;22:41:56;10,6;10,5;0;31,3;8,0;16,7;8,0;0;0;0,0;8;55,3;55,3;26,0;0;8200;14,7;66,2;8,0;60,0;0;67,7;8,0;8,0;0,00;0,00;0;0;47,7;139,0;6000;0;99;1879048192;0;0;0;0;0;0;0;0;0;0;0;31,3;55,3;1;0;0;110;0;0;0;0,0;5883;0;0;0;
25.10.2025;22:42:56;10,6;10,5;0;31,3;8,0;16,7;8,0;0;0;0,0;8;55,2;55,2;26,0;0;8200;14,7;66,3;8,0;60,0;0;67,7;8,0;8,0;0,00;0,00;0;0;47,7;139,0;6000;0;99;1879048192;0;0;0;0;0;0;0;0;0;0;0;31,3;55,2;1;0;0;110;0;0;0;0,0;5883;0;0;0;
25.10.2025;22:43:56;10,6;10,5;0;31,3;8,0;16,7;8,0;0;0;0,0;8;55,2;55,2;26,0;0;8200;14,9;66,2;8,0;60,0;0;67,7;8,0;8,0;0,00;0,00;0;0;47,6;139,0;6000;0;99;1879048192;0;0;0;0;0;0;0;0;0;0;0;31,3;55,2;1;0;0;110;0;0;0;0,0;5883;0;0;0;
25.10.2025;22:44:56;10,6;10,5;0;31,3;8,0;16,7;8,0;0;0;0,0;8;55,2;55,2;26,0;0;8200;14,7;66,2;8,0;60,0;0;67,7;8,0;8,0;0,00;0,00;0;0;47,7;139,0;6000;0;99;1879048192;0;0;0;0;0;0;0;0;0;0;0;31,3;55,2;1;0;0;110;0;0;0;0,0;5883;0;0;0;
25.10.2025;22:45:56;10,6;10,4;0;31,3;8,0;16,7;8,0;0;0;0,0;8;55,2;55,2;26,0;0;8200;14,7;66,1;8,0;60,0;0;67,6;8,0;8,0;0,00;0,00;0;0;47,7;139,0;6000;0;99;1879048192;0;0;0;0;0;0;0;0;0;0;0;31,3;55,2;1;0;0;110;0;0;0;0,0;5883;0;0;0;
25.10.2025;22:46:56;10,6;10,5;0;31,3;8,0;16,7;8,0;0;0;0,0;8;55,2;55,2;26,0;0;8200;14,8;66,1;8,0;60,0;0;67,6;8,0;8,0;0,00;0,00;0;0;47,7;139,0;6000;0;99;1879048192;0;0;0;0;0;0;0;0;0;0;0;31,3;55,2;1;0;0;110;0;0;0;0,0;5883;0;0;0;
25.10.2025;22:47:56;10,6;10,5;0;31,3;8,0;16,6;8,0;0;0;0,0;8;55,2;55,2;26,0;0;8200;14,7;66,1;8,0;60,0;0;67,6;8,0;8,0;0,00;0,00;0;0;47,7;139,0;6000;0;99;1879048192;0;0;0;0;0;0;0;0;0;0;0;31,3;55,2;1;0;0;110;0;0;0;0,0;5883;0;0;0;
25.10.2025;22:48:56;10,5;10,4;0;31,3;8,0;16,6;8,0;0;0;0,0;8;55,2;55,2;26,0;0;8200;14,7;66,0;8,0;60,0;0;67,6;8,0;8,0;0,00;0,00;0;0;47,7;139,0;6000;0;99;-2147483648;0;0;0;0;0;0;0;0;0;0;0;31,3;55,2;1;0;0;110;0;0;0;0,0;5883;0;0;0;
25.10.2025;22:49:56;10,5;10,4;0;31,3;8,0;16,6;8,0;0;0;0,0;8;55,2;55,2;26,0;0;8200;14,7;66,0;8,0;60,0;0;67,6;8,0;8,0;0,00;0,00;0;0;47,7;139,0;6000;0;99;-2147483648;0;0;0;0;0;0;0;0;0;0;0;31,3;55,2;1;0;0;110;0;0;0;0,0;5883;0;0;0;
25.10.2025;22:50:56;10,5;10,4;0;31,3;8,0;16,6;8,0;0;0;0,0;8;55,2;55,2;26,0;0;8200;14,8;66,0;8,0;60,0;0;67,5;8,0;8,0;0,00;0,00;0;0;47,6;139,0;6000;0;99;-2147483648;0;0;0;0;0;0;0;0;0;0;0;31,3;55,2;1;0;0;110;0;0;0;0,0;5883;0;0;0;
25.10.2025;22:51:56;10,5;10,4;0;31,3;8,0;16,6;8,0;0;0;0,0;8;55,2;55,2;26,0;0;8200;14,7;66,0;8,0;60,0;0;67,5;8,0;8,0;0,00;0,00;0;0;47,6;139,0;6000;0;99;-2147483648;0;0;0;0;0;0;0;0;0;0;0;31,3;55,2;1;0;0;110;0;0;0;0,0;5883;0;0;0;
25.10.2025;22:52:56;10,5;10,4;0;31,3;8,0;16,7;8,0;0;0;0,0;8;55,1;55,1;26,0;0;8200;14,6;65,9;8,0;60,0;0;67,4;8,0;8,0;0,00;0,00;0;0;47,6;139,0;6000;0;99;-2147483648;0;0;0;0;0;0;0;0;0;0;0;31,3;55,1;1;0;0;110;0;0;0;0,0;5883;0;0;0;
25.10.2025;22:53:56;10,5;10,4;0;31,3;8,0;16,7;8,0;0;0;0,0;8;55,1;55,1;26,0;0;8200;14,9;66,0;8,0;60,0;0;67,4;8,0;8,0;0,00;0,00;0;0;47,6;139,0;6000;0;99;-2147483648;0;0;0;0;0;0;0;0;0;0;0;31,3;55,1;1;0;0;110;0;0;0;0,0;5883;0;0;0;
25.10.2025;22:54:56;10,5;10,4;0;31,2;8,0;16,7;8,0;0;0;0,0;8;55,1;55,1;26,0;0;8200;14,6;65,8;8,0;60,0;0;67,3;8,0;8,0;0,00;0,00;0;0;47,7;139,0;6000;0;99;-2147483648;0;0;0;0;0;0;0;0;0;0;0;31,2;55,1;1;0;0;110;0;0;0;0,0;5883;0;0;0;
25.10.2025;22:55:56;10,5;10,5;0;31,3;8,0;16,7;8,0;0;0;0,0;8;55,1;55,1;26,0;0;8200;14,8;65,9;8,0;60,0;0;67,3;8,0;8,0;0,00;0,00;0;0;47,7;139,0;6000;0;99;-2147483648;0;0;0;0;0;0;0;0;0;0;0;31,3;55,1;1;0;0;110;0;0;0;0,0;5883;0;0;0;
25.10.2025;22:56:56;10,5;10,4;0;31,3;8,0;16,7;8,0;0;0;0,0;8;55,1;55,1;26,0;0;8200;14,8;65,8;8,0;60,0;0;67,2;8,0;8,0;0,00;0,00;0;0;47,7;139,0;6000;0;99;-2147483648;0;0;0;0;0;0;0;0;0;0;0;31,3;55,1;1;0;0;110;0;0;0;0,0;5883;0;0;0;
25.10.2025;22:57:56;10,5;10,5;0;31,3;8,0;16,7;8,0;0;0;0,0;8;55,1;55,1;26,0;0;8200;14,7;65,8;8,0;60,0;0;67,2;8,0;8,0;0,00;0,00;0;0;47,7;139,0;6000;0;99;-2147483648;0;0;0;0;0;0;0;0;0;0;0;31,3;55,1;1;0;0;110;0;0;0;0,0;5883;0;0;0;
25.10.2025;22:58:56;10,5;10,4;0;31,2;8,0;16,7;8,0;0;0;0,0;8;55,0;55,0;26,0;0;8200;15,1;65,8;8,0;60,0;0;67,1;8,0;8,0;0,00;0,00;0;0;47,7;139,0;6000;0;99;-2147483648;0;0;0;0;0;0;0;0;0;0;0;31,2;55,0;1;0;0;110;0;0;0;0,0;5883;0;0;0;
25.10.2025;22:59:56;10,5;10,5;0;31,3;8,0;16,7;8,0;0;0;0,0;8;55,1;55,1;26,0;0;8200;14,7;65,8;8,0;60,0;0;67,0;8,0;8,0;0,00;0,00;0;0;47,7;139,0;6000;0;99;-2147483648;0;0;0;0;0;0;0;0;0;0;0;31,3;55,1;1;0;0;110;0;0;0;0,0;5883;0;0;0;
25.10.2025;23:00:56;10,5;10,4;0;31,2;8,0;16,7;8,0;0;0;0,0;8;55,0;55,0;26,0;0;8200;14,7;65,8;8,0;60,0;0;66,9;8,0;8,0;0,00;0,00;0;0;47,6;139,0;6000;0;99;-2147483648;0;0;0;0;0;0;0;0;0;0;0;31,2;55,0;1;0;0;110;0;0;0;0,0;5883;0;0;0;
25.10.2025;23:01:56;10,5;10,4;0;31,2;8,0;16,7;8,0;0;0;0,0;8;55,0;55,0;26,0;0;8200;14,8;65,7;8,0;60,0;0;66,9;8,0;8,0;0,00;0,00;0;0;47,6;139,0;6000;0;99;-2147483648;0;0;0;0;0;0;0;0;0;0;0;31,2;55,0;1;0;0;110;0;0;0;0,0;5883;0;0;0;
25.10.2025;23:02:56;10,5;10,4;0;31,3;8,0;16,7;8,0;0;0;0,0;8;55,0;55,0;26,0;0;8200;14,8;65,6;8,0;60,0;0;66,8;8,0;8,0;0,00;0,00;0;0;47,6;139,0;6000;0;99;-2147483648;0;0;0;0;0;0;0;0;0;0;0;31,3;55,0;1;0;0;110;0;0;0;0,0;5883;0;0;0;
25.10.2025;23:03:56;10,5;10,4;0;31,2;8,0;16,7;8,0;0;0;0,0;8;55,0;55,0;26,0;0;8200;15,0;65,6;8,0;60,0;0;66,8;8,0;8,0;0,00;0,00;0;0;47,7;139,0;6000;0;99;-2147483648;0;0;0;0;0;0;0;0;0;0;0;31,2;55,0;1;0;0;110;0;0;0;0,0;5883;0;0;0;
25.10.2025;23:04:56;10,5;10,4;0;31,2;8,0;16,7;8,0;0;0;0,0;8;55,0;55,0;26,0;0;8200;14,7;65,6;8,0;60,0;0;66,8;8,0;8,0;0,00;0,00;0;0;47,7;139,0;6000;0;99;-2147483648;0;0;0;0;0;0;0;0;0;0;0;31,2;55,0;1;0;0;110;0;0;0;0,0;5883;0;0;0;
25.10.2025;23:05:56;10,5;10,4;0;31,2;8,0;16,7;8,0;0;0;0,0;8;54,9;54,9;26,0;0;8200;14,7;65,6;8,0;60,0;0;66,7;8,0;8,0;0,00;0,00;0;0;47,6;139,0;6000;0;99;-2147483648;0;0;0;0;0;0;0;0;0;0;0;31,2;54,9;1;0;0;110;0;0;0;0,0;5883;0;0;0;
25.10.2025;23:06:56;10,5;10,4;0;31,2;8,0;16,7;8,0;0;0;0,0;8;55,0;55,0;26,0;0;8200;14,9;65,5;8,0;60,0;0;66,7;8,0;8,0;0,00;0,00;0;0;47,7;139,0;6000;0;99;-2147483648;0;0;0;0;0;0;0;0;0;0;0;31,2;55,0;1;0;0;110;0;0;0;0,0;5883;0;0;0;
25.10.2025;23:07:56;10,5;10,4;0;31,2;8,0;16,7;8,0;0;0;0,0;8;55,0;55,0;26,0;0;8200;14,7;65,5;8,0;60,0;0;66,7;8,0;8,0;0,00;0,00;0;0;47,9;139,0;6000;0;99;-2147483648;0;0;0;0;0;0;0;0;0;0;0;31,2;55,0;1;0;0;110;0;0;0;0,0;5883;0;0;0;
25.10.2025;23:08:56;10,5;10,4;0;31,2;8,0;16,7;8,0;0;0;0,0;8;54,9;54,9;26,0;0;8200;14,7;65,5;8,0;60,0;0;66,6;8,0;8,0;0,00;0,00;0;0;47,6;139,0;6000;0;99;-2147483648;0;0;0;0;0;0;0;0;0;0;0;31,2;54,9;1;0;0;110;0;0;0;0,0;5883;0;0;0;
25.10.2025;23:09:56;10,5;10,4;0;31,2;8,0;16,7;8,0;0;0;0,0;8;54,9;54,9;26,0;0;8200;14,6;65,4;8,0;60,0;0;66,5;8,0;8,0;0,00;0,00;0;0;47,6;139,0;6000;0;99;-2147483648;0;0;0;0;0;0;0;0;0;0;0;31,2;54,9;1;0;0;110;0;0;0;0,0;5883;0;0;0;
25.10.2025;23:10:56;10,5;10,3;0;31,2;8,0;16,7;8,0;0;0;0,0;8;54,9;54,9;26,0;0;8200;14,7;65,4;8,0;60,0;0;66,5;8,0;8,0;0,00;0,00;0;0;47,6;139,0;6000;0;99;-2147483648;0;0;0;0;0;0;0;0;0;0;0;31,2;54,9;1;0;0;110;0;0;0;0,0;5883;0;0;0;
25.10.2025;23:11:56;10,4;10,3;0;31,2;8,0;16,7;8,0;0;0;0,0;8;54,9;54,9;26,0;0;8200;14,7;65,4;8,0;60,0;0;66,4;8,0;8,0;0,00;0,00;0;0;47,6;139,0;6000;0;99;-2147483648;0;0;0;0;0;0;0;0;0;0;0;31,2;54,9;1;0;0;110;0;0;0;0,0;5883;0;0;0;
25.10.2025;23:12:56;10,4;10,3;0;31,2;8,0;16,7;8,0;0;0;0,0;8;54,9;54,9;26,0;0;8200;14,8;65,3;8,0;60,0;0;66,4;8,0;8,0;0,00;0,00;0;0;47,7;139,0;6000;0;99;-2147483648;0;0;0;0;0;0;0;0;0;0;0;31,2;54,9;1;0;0;110;0;0;0;0,0;5883;0;0;0;
25.10.2025;23:13:56;10,4;10,3;0;31,2;8,0;16,7;8,0;0;0;0,0;8;54,9;54,9;26,0;0;8200;14,7;65,3;8,0;60,0;0;66,4;8,0;8,0;0,00;0,00;0;0;47,6;139,0;6000;0;99;-2147483648;0;0;0;0;0;0;0;0;0;0;0;31,2;54,9;1;0;0;110;0;0;0;0,0;5883;0;0;0;
25.10.2025;23:14:56;10,4;10,3;0;31,2;8,0;16,8;8,0;0;0;0,0;8;54,8;54,8;26,0;0;8200;14,6;65,3;8,0;60,0;0;66,3;8,0;8,0;0,00;0,00;0;0;47,6;139,0;6000;0;99;-2147483648;0;0;0;0;0;0;0;0;0;0;0;31,2;54,8;1;0;0;110;0;0;0;0,0;5883;0;0;0;
25.10.2025;23:15:56;10,4;10,3;0;31,1;8,0;16,8;8,0;0;0;0,0;8;54,8;54,8;26,0;0;8200;14,8;65,3;8,0;60,0;0;66,2;8,0;8,0;0,00;0,00;0;0;47,6;139,0;6000;0;99;-2147483648;0;0;0;0;0;0;0;0;0;0;0;31,1;54,8;1;0;0;110;0;0;0;0,0;5883;0;0;0;
25.10.2025;23:16:56;10,4;10,3;0;31,1;8,0;16,8;8,0;0;0;0,0;8;54,8;54,8;26,0;0;8200;14,7;65,2;8,0;60,0;0;66,3;8,0;8,0;0,00;0,00;0;0;47,6;139,0;6000;0;99;-2147483648;0;0;0;0;0;0;0;0;0;0;0;31,1;54,8;1;0;0;110;0;0;0;0,0;5883;0;0;0;
25.10.2025;23:17:56;10,4;10,3;0;31,1;8,0;16,8;8,0;0;0;0,0;8;54,8;54,8;26,0;0;8200;14,7;65,2;8,0;60,0;0;66,2;8,0;8,0;0,00;0,00;0;0;47,7;139,0;6000;0;99;-2147483648;0;0;0;0;0;0;0;0;0;0;0;31,1;54,8;1;0;0;110;0;0;0;0,0;5883;0;0;0;
25.10.2025;23:18:56;10,4;10,3;0;31,1;8,0;16,8;8,0;0;0;0,0;8;54,8;54,8;26,0;0;8200;14,8;65,2;8,0;60,0;0;66,2;8,0;8,0;0,00;0,00;0;0;47,6;139,0;6000;0;99;-2147483648;0;0;0;0;0;0;0;0;0;0;0;31,1;54,8;1;0;0;110;0;0;0;0,0;5883;0;0;0;
25.10.2025;23:19:56;10,4;10,3;0;31,1;8,0;16,7;8,0;0;0;0,0;8;54,8;54,8;26,0;0;8200;14,7;65,1;8,0;60,0;0;66,2;8,0;8,0;0,00;0,00;0;0;47,7;139,0;6000;0;99;-2147483648;0;0;0;0;0;0;0;0;0;0;0;31,1;54,8;1;0;0;110;0;0;0;0,0;5883;0;0;0;
25.10.2025;23:20:56;10,4;10,3;0;31,1;8,0;16,7;8,0;0;0;0,0;8;54,8;54,8;26,0;0;8200;14,8;65,1;8,0;60,0;0;66,1;8,0;8,0;0,00;0,00;0;0;47,6;139,0;6000;0;99;-2147483648;0;0;0;0;0;0;0;0;0;0;0;31,1;54,8;1;0;0;110;0;0;0;0,0;5883;0;0;0;
25.10.2025;23:21:56;10,4;10,3;0;31,1;8,0;16,7;8,0;0;0;0,0;8;54,7;54,7;26,0;0;8200;14,8;65,1;8,0;60,0;0;66,1;8,0;8,0;0,00;0,00;0;0;47,6;139,0;6000;0;99;-2147483648;0;0;0;0;0;0;0;0;0;0;0;31,1;54,7;1;0;0;110;0;0;0;0,0;5883;0;0;0;
25.10.2025;23:22:56;10,4;10,3;0;31,1;8,0;16,7;8,0;0;0;0,0;8;54,8;54,8;26,0;0;8200;14,9;65,0;8,0;60,0;0;66,0;8,0;8,0;0,00;0,00;0;0;47,6;139,0;6000;0;99;-2147483648;0;0;0;0;0;0;0;0;0;0;0;31,1;54,8;1;0;0;110;0;0;0;0,0;5883;0;0;0;
25.10.2025;23:23:56;10,4;10,3;0;31,1;8,0;16,7;8,0;0;0;0,0;8;54,7;54,7;26,0;0;8200;14,7;65,1;8,0;60,0;0;66,0;8,0;8,0;0,00;0,00;0;0;47,7;139,0;6000;0;99;-2147483648;0;0;0;0;0;0;0;0;0;0;0;31,1;54,7;1;0;0;110;0;0;0;0,0;5883;0;0;0;
25.10.2025;23:24:56;10,4;10,3;0;31,1;8,0;16,7;8,0;0;0;0,0;8;54,7;54,7;26,0;0;8200;14,8;65,0;8,0;60,0;0;66,0;8,0;8,0;0,00;0,00;0;0;47,7;139,0;6000;0;99;-2147483648;0;0;0;0;0;0;0;0;0;0;0;31,1;54,7;1;0;0;110;0;0;0;0,0;5883;0;0;0;
25.10.2025;23:25:56;10,4;10,3;0;31,1;8,0;16,7;8,0;0;0;0,0;8;54,7;54,7;26,0;0;8200;14,7;65,0;8,0;60,0;0;65,9;8,0;8,0;0,00;0,00;0;0;47,6;139,0;6000;0;99;-2147483648;0;0;0;0;0;0;0;0;0;0;0;31,1;54,7;1;0;0;110;0;0;0;0,0;5883;0;0;0;
25.10.2025;23:26:56;10,4;10,3;0;31,1;8,0;16,7;8,0;0;0;0,0;8;54,7;54,7;26,0;0;8200;14,7;64,9;8,0;60,0;0;65,9;8,0;8,0;0,00;0,00;0;0;47,6;139,0;6000;0;99;-2147483648;0;0;0;0;0;0;0;0;0;0;0;31,1;54,7;1;0;0;110;0;0;0;0,0;5883;0;0;0;
25.10.2025;23:27:56;10,4;10,3;0;31,0;8,0;16,7;8,0;0;0;0,0;8;54,7;54,7;26,0;0;8200;14,7;64,9;8,0;60,0;0;65,9;8,0;8,0;0,00;0,00;0;0;47,6;139,0;6000;0;99;-2147483648;0;0;0;0;0;0;0;0;0;0;0;31,0;54,7;1;0;0;110;0;0;0;0,0;5883;0;0;0;
25.10.2025;23:28:56;10,4;10,3;0;31,1;8,0;16,7;8,0;0;0;0,0;8;54,7;54,7;26,0;0;8200;14,7;64,9;8,0;60,0;0;65,9;8,0;8,0;0,00;0,00;0;0;47,6;139,0;6000;0;99;-2147483648;0;0;0;0;0;0;0;0;0;0;0;31,1;54,7;1;0;0;110;0;0;0;0,0;5883;0;0;0;
25.10.2025;23:29:56;10,4;10,3;0;31,0;8,0;16,7;8,0;0;0;0,0;8;54,6;54,6;26,0;0;8200;14,7;64,9;8,0;60,0;0;65,7;8,0;8,0;0,00;0,00;0;0;47,6;139,0;6000;0;99;-2147483648;0;0;0;0;0;0;0;0;0;0;0;31,0;54,6;1;0;0;110;0;0;0;0,0;5883;0;0;0;
25.10.2025;23:30:56;10,4;10,3;0;31,0;8,0;16,7;8,0;0;0;0,0;8;54,7;54,7;26,0;0;8200;14,7;64,8;8,0;60,0;0;65,8;8,0;8,0;0,00;0,00;0;0;47,6;139,0;6000;0;99;-2147483648;0;0;0;0;0;0;0;0;0;0;0;31,0;54,7;1;0;0;110;0;0;0;0,0;5883;0;0;0;
25.10.2025;23:31:56;10,4;10,3;0;31,0;8,0;16,7;8,0;0;0;0,0;8;54,6;54,6;26,0;0;8200;14,7;64,7;8,0;60,0;0;65,8;8,0;8,0;0,00;0,00;0;0;47,6;139,0;6000;0;99;-2147483648;0;0;0;0;0;0;0;0;0;0;0;31,0;54,6;1;0;0;110;0;0;0;0,0;5883;0;0;0;
25.10.2025;23:32:56;10,3;10,3;0;31,0;8,0;16,7;8,0;0;0;0,0;8;54,6;54,6;26,0;0;8200;14,7;64,8;8,0;60,0;0;65,6;8,0;8,0;0,00;0,00;0;0;47,6;139,0;6000;0;99;-2147483648;0;0;0;0;0;0;0;0;0;0;0;31,0;54,6;1;0;0;110;0;0;0;0,0;5883;0;0;0;
25.10.2025;23:33:56;10,3;10,3;0;31,0;8,0;16,7;8,0;0;0;0,0;8;54,6;54,6;26,0;0;8200;14,7;64,7;8,0;60,0;0;65,6;8,0;8,0;0,00;0,00;0;0;47,6;139,0;6000;0;99;-2147483648;0;0;0;0;0;0;0;0;0;0;0;31,0;54,6;1;0;0;110;0;0;0;0,0;5883;0;0;0;
25.10.2025;23:34:56;10,3;10,3;0;31,0;8,0;16,7;8,0;0;0;0,0;8;54,6;54,6;26,0;0;8200;14,7;64,7;8,0;60,0;0;65,5;8,0;8,0;0,00;0,00;0;0;47,6;139,0;6000;0;99;-2147483648;0;0;0;0;0;0;0;0;0;0;0;31,0;54,6;1;0;0;110;0;0;0;0,0;5883;0;0;0;
25.10.2025;23:35:56;10,3;10,3;0;31,0;8,0;16,7;8,0;0;0;0,0;8;54,6;54,6;26,0;0;8200;14,7;64,7;8,0;60,0;0;65,5;8,0;8,0;0,00;0,00;0;0;47,6;139,0;6000;0;99;-2147483648;0;0;0;0;0;0;0;0;0;0;0;31,0;54,6;1;0;0;110;0;0;0;0,0;5883;0;0;0;
25.10.2025;23:36:56;10,3;10,3;0;31,0;8,0;16,7;8,0;0;0;0,0;8;54,6;54,6;26,0;0;8200;14,7;64,7;8,0;60,0;0;65,5;8,0;8,0;0,00;0,00;0;0;47,6;139,0;6000;0;99;-2147483648;0;0;0;0;0;0;0;0;0;0;0;31,0;54,6;1;0;0;110;0;0;0;0,0;5883;0;0;0;
25.10.2025;23:37:56;10,3;10,3;0;31,0;8,0;16,7;8,0;0;0;0,0;8;54,5;54,5;26,0;0;8200;14,7;64,6;8,0;60,0;0;65,4;8,0;8,0;0,00;0,00;0;0;47,6;139,0;6000;0;99;-2147483648;0;0;0;0;0;0;0;0;0;0;0;31,0;54,5;1;0;0;110;0;0;0;0,0;5883;0;0;0;
25.10.2025;23:38:56;10,3;10,4;0;31,0;8,0;16,7;8,0;0;0;0,0;8;54,6;54,6;26,0;0;8200;14,7;64,6;8,0;60,0;0;65,4;8,0;8,0;0,00;0,00;0;0;47,6;139,0;6000;0;99;-2147483648;0;0;0;0;0;0;0;0;0;0;0;31,0;54,6;1;0;0;110;0;0;0;0,0;5883;0;0;0;
25.10.2025;23:39:56;10,3;10,4;0;31,0;8,0;16,7;8,0;0;0;0,0;8;54,6;54,6;26,0;0;8200;14,9;64,5;8,0;60,0;0;65,4;8,0;8,0;0,00;0,00;0;0;47,7;139,0;6000;0;99;-2147483648;0;0;0;0;0;0;0;0;0;0;0;31,0;54,6;1;0;0;110;0;0;0;0,0;5883;0;0;0;
25.10.2025;23:40:56;10,3;10,4;0;31,0;8,0;16,7;8,0;0;0;0,0;8;54,5;54,5;26,0;0;8200;14,7;64,5;8,0;60,0;0;65,4;8,0;8,0;0,00;0,00;0;0;47,7;139,0;6000;0;99;-2147483648;0;0;0;0;0;0;0;0;0;0;0;31,0;54,5;1;0;0;110;0;0;0;0,0;5883;0;0;0;
25.10.2025;23:41:56;10,3;10,4;0;31,0;8,0;16,7;8,0;0;0;0,0;8;54,5;54,5;26,0;0;8200;14,9;64,5;8,0;60,0;0;65,2;8,0;8,0;0,00;0,00;0;0;47,6;139,0;6000;0;99;-2147483648;0;0;0;0;0;0;0;0;0;0;0;31,0;54,5;1;0;0;110;0;0;0;0,0;5883;0;0;0;
25.10.2025;23:42:56;10,3;10,4;0;31,0;8,0;16,7;8,0;0;0;0,0;8;54,5;54,5;26,0;0;8200;14,7;64,4;8,0;60,0;0;65,3;8,0;8,0;0,00;0,00;0;0;47,7;139,0;6000;0;99;-2147483648;0;0;0;0;0;0;0;0;0;0;0;31,0;54,5;1;0;0;110;0;0;0;0,0;5883;0;0;0;
25.10.2025;23:43:56;10,3;10,3;0;30,9;8,0;16,7;8,0;0;0;0,0;8;54,4;54,4;26,0;0;8200;14,7;64,4;8,0;60,0;0;65,2;8,0;8,0;0,00;0,00;0;0;47,6;139,0;6000;0;99;-2147483648;0;0;0;0;0;0;0;0;0;0;0;30,9;54,4;1;0;0;110;0;0;0;0,0;5883;0;0;0;
25.10.2025;23:44:56;10,3;10,3;0;30,9;8,0;16,7;8,0;0;0;0,0;8;54,4;54,4;26,0;0;8200;14,7;64,3;8,0;60,0;0;65,1;8,0;8,0;0,00;0,00;0;0;47,6;139,0;6000;0;99;-2147483648;0;0;0;0;0;0;0;0;0;0;0;30,9;54,4;1;0;0;110;0;0;0;0,0;5883;0;0;0;
25.10.2025;23:45:56;10,3;10,4;0;30,9;8,0;16,7;8,0;0;0;0,0;8;54,4;54,4;26,0;0;8200;14,7;64,4;8,0;60,0;0;65,0;8,0;8,0;0,00;0,00;0;0;47,6;139,0;6000;0;99;-2147483648;0;0;0;0;0;0;0;0;0;0;0;30,9;54,4;1;0;0;110;0;0;0;0,0;5883;0;0;0;
25.10.2025;23:46:56;10,3;10,4;0;31,0;8,0;16,7;8,0;0;0;0,0;8;54,4;54,4;26,0;0;8200;14,9;64,2;8,0;60,0;0;65,3;8,0;8,0;0,00;0,00;0;0;47,7;139,0;6000;0;99;-2147483648;0;0;0;0;0;0;0;0;0;0;0;31,0;54,4;1;0;0;110;0;0;0;0,0;5883;0;0;0;
25.10.2025;23:47:56;10,3;10,5;0;30,9;8,0;16,7;8,0;0;0;0,0;8;54,4;54,4;26,0;0;8200;14,7;64,3;8,0;60,0;0;65,0;8,0;8,0;0,00;0,00;0;0;47,4;139,0;6000;0;99;-2147483648;0;0;0;0;0;0;0;0;0;0;0;30,9;54,4;1;0;0;110;0;0;0;0,0;5883;0;0;0;
25.10.2025;23:48:56;10,3;10,5;0;30,9;8,0;16,7;8,0;0;0;0,0;8;54,5;54,5;26,0;0;8200;14,7;64,3;8,0;60,0;0;65,0;8,0;8,0;0,00;0,00;0;0;47,5;139,0;6000;0;99;-2147483648;0;0;0;0;0;0;0;0;0;0;0;30,9;54,4;1;0;0;110;0;0;0;0,0;5883;0;0;0;
25.10.2025;23:49:56;10,3;10,5;0;30,9;8,0;16,7;8,0;0;0;0,0;8;54,4;54,4;26,0;0;8200;14,7;64,2;8,0;60,0;0;65,0;8,0;8,0;0,00;0,00;0;0;47,6;139,0;6000;0;99;-2147483648;0;0;0;0;0;0;0;0;0;0;0;30,9;54,4;1;0;0;110;0;0;0;0,0;5883;0;0;0;
25.10.2025;23:50:56;10,3;10,4;0;30,9;8,0;16,7;8,0;0;0;0,0;8;54,4;54,4;26,0;0;8200;14,8;64,3;8,0;60,0;0;64,8;8,0;8,0;0,00;0,00;0;0;47,4;139,0;6000;0;99;-2147483648;0;0;0;0;0;0;0;0;0;0;0;30,9;54,4;1;0;0;110;0;0;0;0,0;5883;0;0;0;
25.10.2025;23:51:56;10,3;10,4;0;30,9;8,0;16,7;8,0;0;0;0,0;8;54,4;54,4;26,0;0;8200;14,7;64,2;8,0;60,0;0;64,8;8,0;8,0;0,00;0,00;0;0;47,6;139,0;6000;0;99;-2147483648;0;0;0;0;0;0;0;0;0;0;0;30,9;54,4;1;0;0;110;0;0;0;0,0;5883;0;0;0;
25.10.2025;23:52:56;10,3;10,5;0;30,9;8,0;16,7;8,0;0;0;0,0;8;54,4;54,4;26,0;0;8200;14,7;64,1;8,0;60,0;0;64,9;8,0;8,0;0,00;0,00;0;0;47,6;139,0;6000;0;99;-2147483648;0;0;0;0;0;0;0;0;0;0;0;30,9;54,4;1;0;0;110;0;0;0;0,0;5883;0;0;0;
25.10.2025;23:53:56;10,3;10,4;0;30,9;8,0;16,7;8,0;0;0;0,0;8;54,3;54,3;26,0;0;8200;14,7;64,1;8,0;60,0;0;64,8;8,0;8,0;0,00;0,00;0;0;47,5;139,0;6000;0;99;-2147483648;0;0;0;0;0;0;0;0;0;0;0;30,9;54,3;1;0;0;110;0;0;0;0,0;5883;0;0;0;
25.10.2025;23:54:56;10,3;10,5;0;30,9;8,0;16,7;8,0;0;0;0,0;8;54,3;54,3;26,0;0;8200;14,7;64,1;8,0;60,0;0;64,8;8,0;8,0;0,00;0,00;0;0;47,5;139,0;6000;0;99;-2147483648;0;0;0;0;0;0;0;0;0;0;0;30,9;54,3;1;0;0;110;0;0;0;0,0;5883;0;0;0;
25.10.2025;23:55:56;10,3;10,4;0;30,8;8,0;16,7;8,0;0;0;0,0;8;54,3;54,3;26,0;0;8200;14,7;64,1;8,0;60,0;0;64,6;8,0;8,0;0,00;0,00;0;0;47,5;139,0;6000;0;99;-2147483648;0;0;0;0;0;0;0;0;0;0;0;30,8;54,3;1;0;0;110;0;0;0;0,0;5883;0;0;0;
25.10.2025;23:56:56;10,3;10,5;0;30,9;8,0;16,7;8,0;0;0;0,0;8;54,3;54,3;26,0;0;8200;14,7;64,1;8,0;60,0;0;64,7;8,0;8,0;0,00;0,00;0;0;47,5;139,0;6000;0;99;-2147483648;0;0;0;0;0;0;0;0;0;0;0;30,9;54,3;1;0;0;110;0;0;0;0,0;5883;0;0;0;
25.10.2025;23:57:56;10,3;10,5;0;30,8;8,0;16,7;8,0;0;0;0,0;8;54,3;54,3;26,0;0;8200;14,7;64,0;8,0;60,0;0;64,7;8,0;8,0;0,00;0,00;0;0;47,6;139,0;6000;0;99;-2147483648;0;0;0;0;0;0;0;0;0;0;0;30,8;54,3;1;0;0;110;0;0;0;0,0;5883;0;0;0;
25.10.2025;23:58:56;10,3;10,5;0;30,8;8,0;16,7;8,0;0;0;0,0;8;54,3;54,3;26,0;0;8200;14,6;64,0;8,0;60,0;0;64,6;8,0;8,0;0,00;0,00;0;0;47,5;139,0;6000;0;99;-2147483648;0;0;0;0;0;0;0;0;0;0;0;30,8;54,3;1;0;0;110;0;0;0;0,0;5883;0;0;0;
25.10.2025;23:59:56;10,3;10,5;0;30,8;8,0;16,7;8,0;0;0;0,0;8;54,3;54,3;26,0;0;8200;14,7;64,0;8,0;60,0;0;64,6;8,0;8,0;0,00;0,00;0;0;47,6;139,0;6000;0;99;-2147483648;0;0;0;0;0;0;0;0;0;0;0;30,8;54,3;1;0;0;110;0;0;0;0,0;5883;0;0;0;
26.10.2025;00:00:56;10,3;10,5;0;30,8;8,0;16,7;8,0;0;0;0,0;8;54,2;54,2;26,0;0;8200;14,8;63,9;8,0;60,0;0;64,6;8,0;8,0;0,00;0,00;0;0;47,6;139,0;6000;0;99;-2147483648;0;0;0;0;0;0;0;0;0;0;0;30,8;54,2;1;0;0;110;0;0;0;0,0;5883;0;0;0;

